0 28 0 0 28 0
0 28 1 0 28 1
0 28 2 0 28 2
0 28 3 0 28 3
0 28 4 0 28 4
0 28 5 0 28 5
0 28 6 0 28 6
0 28 7 0 28 7
0 28 8 0 28 8
0 28 9 0 28 9
0 28 10 0 28 10
0 28 11 0 28 11
0 28 12 0 28 12
0 28 13 0 28 13
0 28 14 0 28 14
0 28 15 0 28 15
0 28 16 0 28 16
0 28 17 0 28 17
0 28 18 0 28 18
0 28 19 0 28 19
0 28 20 0 28 20
0 29 0 0 29 0
0 29 1 0 29 1
0 29 2 0 29 2
0 29 3 0 29 3
0 29 4 0 29 4
0 29 5 0 29 5
0 29 6 0 29 6
0 29 7 0 29 7
0 29 8 0 29 8
0 29 9 0 29 9
0 29 10 0 29 10
0 29 11 0 29 11
0 29 12 0 29 12
0 29 13 0 29 13
0 29 14 0 29 14
0 29 15 0 29 15
0 29 16 0 29 16
0 29 17 0 29 17
0 29 18 0 29 18
0 2a 0 0 2a 0
0 2a 1 0 2a 1
0 2a 2 0 2a 2
0 2a 3 0 2a 3
0 2a 4 0 2a 4
0 2a 5 0 2a 5
0 2a 6 0 2a 6
0 2a 7 0 2a 7
0 2a 8 0 2a 8
0 2a 9 0 2a 9
0 2a 10 0 2a 10
0 2a 11 0 2a 11
0 2a 12 0 2a 12
0 2a 13 0 2a 13
0 2a 14 0 2a 14
0 2b 0 0 2b 0
0 2b 1 0 2b 1
0 2b 2 0 2b 2
0 2b 3 0 2b 3
0 2b 4 0 2b 4
0 2b 5 0 2b 5
0 2b 6 0 2b 6
0 2b 7 0 2b 7
0 2b 8 0 2b 8
0 2b 9 0 2b 9
0 2b 10 0 2b 10
0 2b 11 0 2b 11
0 2b 12 0 2b 12
0 2b 13 0 2b 13
0 2b 14 0 2b 14
0 2b 15 0 2b 15
0 2b 16 0 2b 16
0 2b 17 0 2b 17
0 2b 18 0 2b 18
0 2b 19 0 2b 19
0 2b 20 0 2b 20
0 2b 21 0 2b 21
0 2b 22 0 2b 22
0 2b 23 0 2b 23
0 2b 24 0 2b 24
0 2b 25 0 2b 25
0 2b 26 0 2b 26
0 2b 27 0 2b 27
0 2b 28 0 2b 28
0 2b 29 0 2b 29
0 2b 30 0 2b 30
0 2d 0 0 2d 0
0 2d 1 0 2d 1
0 2d 2 0 2d 2
0 2d 3 0 2d 3
0 2d 4 0 2d 4
0 2d 5 0 2d 5
0 2d 6 0 2d 6
0 2d 7 0 2d 7
0 2d 8 0 2d 8
0 2d 9 0 2d 9
0 2d 10 0 2d 10
0 30 0 0 30 0
0 30 1 0 30 1
0 30 2 0 30 2
0 30 3 0 30 3
0 30 4 0 30 4
0 30 5 0 30 5
0 30 6 0 30 6
0 30 7 0 30 7
0 30 8 0 30 8
0 30 9 0 30 9
0 30 10 0 30 10
0 30 11 0 30 11
0 30 12 0 30 12
0 30 13 0 30 13
0 30 14 0 30 14
0 30 15 0 30 15
0 30 16 0 30 16
0 30 17 0 30 17
0 31 0 0 31 0
0 31 1 0 31 1
0 31 2 0 31 2
0 31 3 0 31 3
0 31 4 0 31 4
0 31 5 0 31 5
0 31 6 0 31 6
0 31 7 0 31 7
0 31 8 0 31 8
0 31 9 0 31 9
0 31 10 0 31 10
0 31 11 0 31 11
0 31 12 0 31 12
0 31 13 0 31 13
0 31 14 0 31 14
0 31 15 0 31 15
0 31 16 0 31 16
0 31 17 0 31 17
0 31 18 0 31 18
0 31 19 0 31 19
0 31 20 0 31 20
0 31 21 0 31 21
0 31 22 0 31 22
0 31 23 0 31 23
0 31 24 0 31 24
0 31 25 0 31 25
0 31 26 0 31 26
0 31 27 0 31 27
0 31 28 0 31 28
0 31 29 0 31 29
0 32 0 0 32 0
0 32 1 0 32 1
0 32 2 0 32 2
0 32 3 0 32 3
0 32 4 0 32 4
0 32 5 0 32 5
0 32 6 0 32 6
0 32 7 0 32 7
0 32 8 0 32 8
0 32 9 0 32 9
0 32 10 0 32 10
0 32 11 0 32 11
0 32 12 0 32 12
0 32 13 0 32 13
0 32 14 0 32 14
0 32 15 0 32 15
0 32 16 0 32 16
0 32 17 0 32 17
0 32 18 0 32 18
0 32 19 0 32 19
0 32 20 0 32 20
0 32 21 0 32 21
0 32 22 0 32 22
0 32 23 0 32 23
0 32 24 0 32 24
0 33 0 0 33 0
0 33 1 0 33 1
0 33 2 0 33 2
0 33 3 0 33 3
0 33 4 0 33 4
0 33 5 0 33 5
0 33 6 0 33 6
0 33 7 0 33 7
0 33 8 0 33 8
0 33 9 0 33 9
0 33 10 0 33 10
0 33 11 0 33 11
0 33 12 0 33 12
0 33 13 0 33 13
0 33 14 0 33 14
0 33 15 0 33 15
0 33 16 0 33 16
0 33 17 0 33 17
0 33 18 0 33 18
0 34 0 0 34 0
0 34 1 0 34 1
0 34 2 0 34 2
0 34 3 0 34 3
0 34 4 0 34 4
0 34 5 0 34 5
0 34 6 0 34 6
0 34 7 0 34 7
0 34 8 0 34 8
0 34 9 0 34 9
0 34 10 0 34 10
0 34 11 0 34 11
0 34 12 0 34 12
0 34 13 0 34 13
0 34 14 0 34 14
0 34 15 0 34 15
0 34 16 0 34 16
0 34 17 0 34 17
0 34 18 0 34 18
0 34 19 0 34 19
0 34 20 0 34 20
0 34 21 0 34 21
0 34 22 0 34 22
0 34 23 0 34 23
0 34 24 0 34 24
0 34 25 0 34 25
0 35 0 0 35 0
0 35 1 0 35 1
0 35 2 0 35 2
0 35 3 0 35 3
0 35 4 0 35 4
0 35 5 0 35 5
0 35 6 0 35 6
0 35 7 0 35 7
0 35 8 0 35 8
0 35 9 0 35 9
0 35 10 0 35 10
0 35 11 0 35 11
0 35 12 0 35 12
0 35 13 0 35 13
0 35 14 0 35 14
0 36 0 0 36 0
0 36 1 0 36 1
0 36 2 0 36 2
0 36 3 0 36 3
0 36 4 0 36 4
0 36 5 0 36 5
0 36 6 0 36 6
0 36 7 0 36 7
0 36 8 0 36 8
0 36 9 0 36 9
0 36 10 0 36 10
0 36 11 0 36 11
0 36 12 0 36 12
0 36 13 0 36 13
0 36 14 0 36 14
0 36 15 0 36 15
0 37 0 0 37 0
0 37 1 0 37 1
0 37 2 0 37 2
0 37 3 0 37 3
0 37 4 0 37 4
0 37 5 0 37 5
0 37 6 0 37 6
0 37 7 0 37 7
0 37 8 0 37 8
0 37 9 0 37 9
0 37 10 0 37 10
0 37 11 0 37 11
0 37 12 0 37 12
0 37 13 0 37 13
0 37 14 0 37 14
0 37 15 0 37 15
0 37 16 0 37 16
0 37 17 0 37 17
0 37 18 0 37 18
0 37 19 0 37 19
0 37 20 0 37 20
0 37 21 0 37 21
0 37 22 0 37 22
0 37 23 0 37 23
0 37 24 0 37 24
0 37 25 0 37 25
0 37 26 0 37 26
0 38 0 0 38 0
0 38 1 0 38 1
0 38 2 0 38 2
0 38 3 0 38 3
0 38 4 0 38 4
0 38 5 0 38 5
0 38 6 0 38 6
0 38 7 0 38 7
0 38 8 0 38 8
0 38 9 0 38 9
0 38 10 0 38 10
0 38 11 0 38 11
0 38 12 0 38 12
0 38 13 0 38 13
0 38 14 0 38 14
0 38 15 0 38 15
0 38 16 0 38 16
0 38 17 0 38 17
0 38 18 0 38 18
0 38 19 0 38 19
0 38 20 0 38 20
0 38 21 0 38 21
0 38 22 0 38 22
0 38 23 0 38 23
0 39 0 0 39 0
0 39 1 0 39 1
0 39 2 0 39 2
0 39 3 0 39 3
0 39 4 0 39 4
0 39 5 0 39 5
0 39 6 0 39 6
0 39 7 0 39 7
0 39 8 0 39 8
0 39 9 0 39 9
0 39 10 0 39 10
0 39 11 0 39 11
0 39 12 0 39 12
0 39 13 0 39 13
0 39 14 0 39 14
0 3c 0 0 3c 0
0 3c 1 0 3c 1
0 3c 2 0 3c 2
0 3c 3 0 3c 3
0 3c 4 0 3c 4
0 3c 5 0 3c 5
0 3c 6 0 3c 6
0 3c 7 0 3c 7
0 3c 8 0 3c 8
0 3c 9 0 3c 9
0 3c 10 0 3c 10
0 3c 11 0 3c 11
0 3c 12 0 3c 12
0 3c 13 0 3c 13
0 3c 14 0 3c 14
0 3d 0 0 3d 0
0 3d 1 0 3d 1
0 3d 2 0 3d 2
0 3d 3 0 3d 3
0 3d 4 0 3d 4
0 3d 5 0 3d 5
0 3d 6 0 3d 6
0 3d 7 0 3d 7
0 3d 8 0 3d 8
0 3e 0 0 3e 0
0 3e 1 0 3e 1
0 3e 2 0 3e 2
0 3e 3 0 3e 3
0 3e 4 0 3e 4
0 3e 5 0 3e 5
0 3e 6 0 3e 6
0 3e 7 0 3e 7
0 3e 8 0 3e 8
0 3e 9 0 3e 9
0 3e 10 0 3e 10
0 3e 11 0 3e 11
0 3e 12 0 3e 12
0 3e 13 0 3e 13
0 41 0 0 41 0
0 41 1 0 41 1
0 41 2 0 41 2
0 41 3 0 41 3
0 41 4 0 41 4
0 41 5 0 41 5
0 41 6 0 41 6
0 41 7 0 41 7
0 41 8 0 41 8
0 41 9 0 41 9
0 41 10 0 41 10
0 41 11 0 41 11
0 41 12 0 41 12
0 42 0 0 42 0
0 42 1 0 42 1
0 42 2 0 42 2
0 42 3 0 42 3
0 42 4 0 42 4
0 42 5 0 42 5
0 42 6 0 42 6
0 42 7 0 42 7
0 42 8 0 42 8
0 42 9 0 42 9
0 42 10 0 42 10
0 42 11 0 42 11
0 42 12 0 42 12
0 42 13 0 42 13
0 42 14 0 42 14
0 42 15 0 42 15
0 43 0 0 43 0
0 43 1 0 43 1
0 43 2 0 43 2
0 43 3 0 43 3
0 43 4 0 43 4
0 43 5 0 43 5
0 43 6 0 43 6
0 43 7 0 43 7
0 43 8 0 43 8
0 43 9 0 43 9
0 43 10 0 43 10
0 43 11 0 43 11
0 43 12 0 43 12
0 43 13 0 43 13
0 43 14 0 43 14
0 43 15 0 43 15
0 43 16 0 43 16
0 43 17 0 43 17
0 43 18 0 43 18
0 43 19 0 43 19
0 43 20 0 43 20
0 43 21 0 43 21
0 43 22 0 43 22
0 44 0 0 44 0
0 44 1 0 44 1
0 44 2 0 44 2
0 44 3 0 44 3
0 44 4 0 44 4
0 44 5 0 44 5
0 44 6 0 44 6
0 44 7 0 44 7
0 44 8 0 44 8
0 44 9 0 44 9
0 44 10 0 44 10
0 44 11 0 44 11
0 44 12 0 44 12
0 44 13 0 44 13
0 44 14 0 44 14
0 44 15 0 44 15
0 44 16 0 44 16
0 44 17 0 44 17
0 44 18 0 44 18
0 44 19 0 44 19
0 44 20 0 44 20
0 44 21 0 44 21
0 44 22 0 44 22
0 44 23 0 44 23
0 45 0 0 45 0
0 45 1 0 45 1
0 45 2 0 45 2
0 45 3 0 45 3
0 45 4 0 45 4
0 45 5 0 45 5
0 45 6 0 45 6
0 45 7 0 45 7
0 45 8 0 45 8
0 45 9 0 45 9
0 45 10 0 45 10
0 45 11 0 45 11
0 45 12 0 45 12
0 45 13 0 45 13
0 45 14 0 45 14
0 45 15 0 45 15
0 45 16 0 45 16
0 45 17 0 45 17
0 45 18 0 45 18
0 45 19 0 45 19
0 45 20 0 45 20
0 46 0 0 46 0
0 46 1 0 46 1
0 46 2 0 46 2
0 46 3 0 46 3
0 46 4 0 46 4
0 46 5 0 46 5
0 46 6 0 46 6
0 46 7 0 46 7
0 46 8 0 46 8
0 46 9 0 46 9
0 46 10 0 46 10
0 46 11 0 46 11
0 46 12 0 46 12
0 46 13 0 46 13
0 46 14 0 46 14
0 46 15 0 46 15
0 46 16 0 46 16
0 46 17 0 46 17
0 46 18 0 46 18
0 46 19 0 46 19
0 46 20 0 46 20
0 46 21 0 46 21
0 46 22 0 46 22
0 47 0 0 47 0
0 47 1 0 47 1
0 47 2 0 47 2
0 47 3 0 47 3
0 47 4 0 47 4
0 47 5 0 47 5
0 47 6 0 47 6
0 47 7 0 47 7
0 47 8 0 47 8
0 47 9 0 47 9
0 47 10 0 47 10
0 47 11 0 47 11
0 47 12 0 47 12
0 47 13 0 47 13
0 47 14 0 47 14
0 47 15 0 47 15
0 47 16 0 47 16
0 47 17 0 47 17
0 47 18 0 47 18
0 47 19 0 47 19
0 47 20 0 47 20
0 47 21 0 47 21
0 47 22 0 47 22
0 47 23 0 47 23
0 47 24 0 47 24
0 47 25 0 47 25
0 47 26 0 47 26
0 48 0 0 48 0
0 48 1 0 48 1
0 48 2 0 48 2
0 48 3 0 48 3
0 48 4 0 48 4
0 48 5 0 48 5
0 48 6 0 48 6
0 48 7 0 48 7
0 48 8 0 48 8
0 48 9 0 48 9
0 48 10 0 48 10
0 48 11 0 48 11
0 48 12 0 48 12
0 48 13 0 48 13
0 48 14 0 48 14
0 49 0 0 49 0
0 49 1 0 49 1
0 49 2 0 49 2
0 49 3 0 49 3
0 49 4 0 49 4
0 49 5 0 49 5
0 49 6 0 49 6
0 49 7 0 49 7
0 49 8 0 49 8
0 49 9 0 49 9
0 49 10 0 49 10
0 49 11 0 49 11
0 49 12 0 49 12
0 49 13 0 49 13
0 4a 0 0 4a 0
0 4a 1 0 4a 1
0 4a 2 0 4a 2
0 4a 3 0 4a 3
0 4a 4 0 4a 4
0 4a 5 0 4a 5
0 4a 6 0 4a 6
0 4a 7 0 4a 7
0 4a 8 0 4a 8
0 4a 9 0 4a 9
0 4a 10 0 4a 10
0 4a 11 0 4a 11
0 4a 12 0 4a 12
0 4a 13 0 4a 13
0 4a 14 0 4a 14
0 4a 15 0 4a 15
0 4a 16 0 4a 16
0 4b 0 0 4b 0
0 4b 1 0 4b 1
0 4b 2 0 4b 2
0 4b 3 0 4b 3
0 4b 4 0 4b 4
0 4b 5 0 4b 5
0 4b 6 0 4b 6
0 4b 7 0 4b 7
0 4b 8 0 4b 8
0 4b 9 0 4b 9
0 4b 10 0 4b 10
0 4b 11 0 4b 11
0 4b 12 0 4b 12
0 4c 0 0 4c 0
0 4c 1 0 4c 1
0 4c 2 0 4c 2
0 4c 3 0 4c 3
0 4c 4 0 4c 4
0 4c 5 0 4c 5
0 4c 6 0 4c 6
0 4c 7 0 4c 7
0 4c 8 0 4c 8
0 4c 9 0 4c 9
0 4c 10 0 4c 10
0 4c 11 0 4c 11
0 4c 12 0 4c 12
0 4c 13 0 4c 13
0 4c 14 0 4c 14
0 4d 0 0 4d 0
0 4d 1 0 4d 1
0 4d 2 0 4d 2
0 4d 3 0 4d 3
0 4d 4 0 4d 4
0 4d 5 0 4d 5
0 4d 6 0 4d 6
0 4d 7 0 4d 7
0 4d 8 0 4d 8
0 4d 9 0 4d 9
0 4d 10 0 4d 10
0 4d 11 0 4d 11
0 4d 12 0 4d 12
0 4d 13 0 4d 13
0 4d 14 0 4d 14
0 4d 15 0 4d 15
0 4d 16 0 4d 16
0 4d 17 0 4d 17
0 4d 18 0 4d 18
0 4d 19 0 4d 19
0 4d 20 0 4d 20
0 4d 21 0 4d 21
0 4d 22 0 4d 22
0 4d 23 0 4d 23
0 4d 24 0 4d 24
0 4d 25 0 4d 25
0 4d 26 0 4d 26
0 4e 0 0 4e 0
0 4e 1 0 4e 1
0 4e 2 0 4e 2
0 4e 3 0 4e 3
0 4e 4 0 4e 4
0 4e 5 0 4e 5
0 4e 6 0 4e 6
0 4e 7 0 4e 7
0 4e 8 0 4e 8
0 4e 9 0 4e 9
0 4e 10 0 4e 10
0 4e 11 0 4e 11
0 4e 12 0 4e 12
0 4e 13 0 4e 13
0 4e 14 0 4e 14
0 4e 15 0 4e 15
0 4e 16 0 4e 16
0 4e 17 0 4e 17
0 4e 18 0 4e 18
0 4e 19 0 4e 19
0 4e 20 0 4e 20
0 4e 21 0 4e 21
0 4e 22 0 4e 22
0 4f 0 0 4f 0
0 4f 1 0 4f 1
0 4f 2 0 4f 2
0 4f 3 0 4f 3
0 4f 4 0 4f 4
0 4f 5 0 4f 5
0 4f 6 0 4f 6
0 4f 7 0 4f 7
0 4f 8 0 4f 8
0 4f 9 0 4f 9
0 4f 10 0 4f 10
0 4f 11 0 4f 11
0 4f 12 0 4f 12
0 4f 13 0 4f 13
0 4f 14 0 4f 14
0 4f 15 0 4f 15
0 4f 16 0 4f 16
0 50 0 0 50 0
0 50 1 0 50 1
0 50 2 0 50 2
0 50 3 0 50 3
0 50 4 0 50 4
0 50 5 0 50 5
0 50 6 0 50 6
0 50 7 0 50 7
0 50 8 0 50 8
0 50 9 0 50 9
0 50 10 0 50 10
0 50 11 0 50 11
0 50 12 0 50 12
0 50 13 0 50 13
0 50 14 0 50 14
0 50 15 0 50 15
0 51 0 0 51 0
0 51 1 0 51 1
0 51 2 0 51 2
0 51 3 0 51 3
0 51 4 0 51 4
0 51 5 0 51 5
0 51 6 0 51 6
0 51 7 0 51 7
0 51 8 0 51 8
0 51 9 0 51 9
0 51 10 0 51 10
0 51 11 0 51 11
0 51 12 0 51 12
0 51 13 0 51 13
0 51 14 0 51 14
0 51 15 0 51 15
0 51 16 0 51 16
0 51 17 0 51 17
0 51 18 0 51 18
0 51 19 0 51 19
0 51 20 0 51 20
0 51 21 0 51 21
0 51 22 0 51 22
0 52 0 0 52 0
0 52 1 0 52 1
0 52 2 0 52 2
0 52 3 0 52 3
0 52 4 0 52 4
0 52 5 0 52 5
0 52 6 0 52 6
0 52 7 0 52 7
0 52 8 0 52 8
0 52 9 0 52 9
0 52 10 0 52 10
0 52 11 0 52 11
0 52 12 0 52 12
0 52 13 0 52 13
0 52 14 0 52 14
0 52 15 0 52 15
0 52 16 0 52 16
0 52 17 0 52 17
0 52 18 0 52 18
0 52 19 0 52 19
0 52 20 0 52 20
0 52 21 0 52 21
0 52 22 0 52 22
0 52 23 0 52 23
0 52 24 0 52 24
0 52 25 0 52 25
0 52 26 0 52 26
0 53 0 0 53 0
0 53 1 0 53 1
0 53 2 0 53 2
0 53 3 0 53 3
0 53 4 0 53 4
0 53 5 0 53 5
0 53 6 0 53 6
0 53 7 0 53 7
0 53 8 0 53 8
0 53 9 0 53 9
0 53 10 0 53 10
0 53 11 0 53 11
0 53 12 0 53 12
0 53 13 0 53 13
0 53 14 0 53 14
0 53 15 0 53 15
0 53 16 0 53 16
0 54 0 0 54 0
0 54 1 0 54 1
0 54 2 0 54 2
0 54 3 0 54 3
0 54 4 0 54 4
0 54 5 0 54 5
0 54 6 0 54 6
0 54 7 0 54 7
0 54 8 0 54 8
0 54 9 0 54 9
0 54 10 0 54 10
0 54 11 0 54 11
0 54 12 0 54 12
0 54 13 0 54 13
0 54 14 0 54 14
0 55 0 0 55 0
0 55 1 0 55 1
0 55 2 0 55 2
0 55 3 0 55 3
0 55 4 0 55 4
0 55 5 0 55 5
0 55 6 0 55 6
0 55 7 0 55 7
0 55 8 0 55 8
0 55 9 0 55 9
0 55 10 0 55 10
0 55 11 0 55 11
0 55 12 0 55 12
0 55 13 0 55 13
0 55 14 0 55 14
0 55 15 0 55 15
0 55 16 0 55 16
0 56 0 0 56 0
0 56 1 0 56 1
0 56 2 0 56 2
0 56 3 0 56 3
0 56 4 0 56 4
0 56 5 0 56 5
0 56 6 0 56 6
0 56 7 0 56 7
0 56 8 0 56 8
0 56 9 0 56 9
0 56 10 0 56 10
0 56 11 0 56 11
0 56 12 0 56 12
0 56 13 0 56 13
0 56 14 0 56 14
0 56 15 0 56 15
0 57 0 0 57 0
0 57 1 0 57 1
0 57 2 0 57 2
0 57 3 0 57 3
0 57 4 0 57 4
0 57 5 0 57 5
0 57 6 0 57 6
0 57 7 0 57 7
0 57 8 0 57 8
0 57 9 0 57 9
0 57 10 0 57 10
0 57 11 0 57 11
0 57 12 0 57 12
0 57 13 0 57 13
0 57 14 0 57 14
0 57 15 0 57 15
0 58 0 0 58 0
0 58 1 0 58 1
0 58 2 0 58 2
0 58 3 0 58 3
0 58 4 0 58 4
0 58 5 0 58 5
0 58 6 0 58 6
0 58 7 0 58 7
0 58 8 0 58 8
0 58 9 0 58 9
0 58 10 0 58 10
0 58 11 0 58 11
0 58 12 0 58 12
0 59 0 0 59 0
0 59 1 0 59 1
0 59 2 0 59 2
0 59 3 0 59 3
0 59 4 0 59 4
0 59 5 0 59 5
0 59 6 0 59 6
0 59 7 0 59 7
0 59 8 0 59 8
0 59 9 0 59 9
0 59 10 0 59 10
0 59 11 0 59 11
0 59 12 0 59 12
0 59 13 0 59 13
0 5a 0 0 5a 0
0 5a 1 0 5a 1
0 5a 2 0 5a 2
0 5a 3 0 5a 3
0 5a 4 0 5a 4
0 5a 5 0 5a 5
0 5a 6 0 5a 6
0 5a 7 0 5a 7
0 5a 8 0 5a 8
0 5a 9 0 5a 9
0 5a 10 0 5a 10
0 5a 11 0 5a 11
0 5a 12 0 5a 12
0 5a 13 0 5a 13
0 5b 0 0 5b 0
0 5b 1 0 5b 1
0 5b 2 0 5b 2
0 5b 3 0 5b 3
0 5b 4 0 5b 4
0 5b 5 0 5b 5
0 5b 6 0 5b 6
0 5b 7 0 5b 7
0 5b 8 0 5b 8
0 5b 9 0 5b 9
0 5d 0 0 5d 0
0 5d 1 0 5d 1
0 5d 2 0 5d 2
0 5d 3 0 5d 3
0 5d 4 0 5d 4
0 5d 5 0 5d 5
0 5d 6 0 5d 6
0 5d 7 0 5d 7
0 5d 8 0 5d 8
0 5d 9 0 5d 9
0 61 0 0 61 0
0 61 1 0 61 1
0 61 2 0 61 2
0 61 3 0 61 3
0 61 4 0 61 4
0 61 5 0 61 5
0 61 6 0 61 6
0 61 7 0 61 7
0 61 8 0 61 8
0 61 9 0 61 9
0 61 10 0 61 10
0 61 11 0 61 11
0 61 12 0 61 12
0 61 13 0 61 13
0 62 0 0 62 0
0 62 1 0 62 1
0 62 2 0 62 2
0 62 3 0 62 3
0 62 4 0 62 4
0 62 5 0 62 5
0 62 6 0 62 6
0 62 7 0 62 7
0 62 8 0 62 8
0 62 9 0 62 9
0 62 10 0 62 10
0 62 11 0 62 11
0 62 12 0 62 12
0 62 13 0 62 13
0 62 14 0 62 14
0 62 15 0 62 15
0 62 16 0 62 16
0 63 0 0 63 0
0 63 1 0 63 1
0 63 2 0 63 2
0 63 3 0 63 3
0 63 4 0 63 4
0 63 5 0 63 5
0 63 6 0 63 6
0 63 7 0 63 7
0 63 8 0 63 8
0 63 9 0 63 9
0 63 10 0 63 10
0 63 11 0 63 11
0 63 12 0 63 12
0 63 13 0 63 13
0 63 14 0 63 14
0 64 0 0 64 0
0 64 1 0 64 1
0 64 2 0 64 2
0 64 3 0 64 3
0 64 4 0 64 4
0 64 5 0 64 5
0 64 6 0 64 6
0 64 7 0 64 7
0 64 8 0 64 8
0 64 9 0 64 9
0 64 10 0 64 10
0 64 11 0 64 11
0 64 12 0 64 12
0 64 13 0 64 13
0 64 14 0 64 14
0 64 15 0 64 15
0 64 16 0 64 16
0 64 17 0 64 17
0 64 18 0 64 18
0 64 19 0 64 19
0 64 20 0 64 20
0 64 21 0 64 21
0 64 22 0 64 22
0 64 23 0 64 23
0 64 24 0 64 24
0 64 25 0 64 25
0 64 26 0 64 26
0 64 27 0 64 27
0 64 28 0 64 28
0 64 29 0 64 29
0 64 30 0 64 30
0 64 31 0 64 31
0 64 32 0 64 32
0 64 33 0 64 33
0 64 34 0 64 34
0 64 35 0 64 35
0 64 36 0 64 36
0 64 37 0 64 37
0 64 38 0 64 38
0 64 39 0 64 39
0 64 40 0 64 40
0 64 41 0 64 41
0 64 42 0 64 42
0 64 43 0 64 43
0 64 44 0 64 44
0 64 45 0 64 45
0 64 46 0 64 46
0 64 47 0 64 47
0 64 48 0 64 48
0 64 49 0 64 49
0 64 50 0 64 50
0 64 51 0 64 51
0 64 52 0 64 52
0 64 53 0 64 53
0 64 54 0 64 54
0 64 55 0 64 55
0 64 56 0 64 56
0 64 57 0 64 57
0 64 58 0 64 58
0 65 0 0 65 0
0 65 1 0 65 1
0 65 2 0 65 2
0 65 3 0 65 3
0 65 4 0 65 4
0 65 5 0 65 5
0 65 6 0 65 6
0 65 7 0 65 7
0 65 8 0 65 8
0 65 9 0 65 9
0 65 10 0 65 10
0 65 11 0 65 11
0 65 12 0 65 12
0 65 13 0 65 13
0 65 14 0 65 14
0 65 15 0 65 15
0 65 16 0 65 16
0 66 0 0 66 0
0 66 1 0 66 1
0 66 2 0 66 2
0 66 3 0 66 3
0 66 4 0 66 4
0 66 5 0 66 5
0 66 6 0 66 6
0 66 7 0 66 7
0 66 8 0 66 8
0 66 9 0 66 9
0 66 10 0 66 10
0 66 11 0 66 11
0 66 12 0 66 12
0 66 13 0 66 13
0 66 14 0 66 14
0 66 15 0 66 15
0 66 16 0 66 16
0 66 17 0 66 17
0 66 18 0 66 18
0 66 19 0 66 19
0 66 20 0 66 20
0 66 21 0 66 21
0 67 0 0 67 0
0 67 1 0 67 1
0 67 2 0 67 2
0 67 3 0 67 3
0 67 4 0 67 4
0 67 5 0 67 5
0 67 6 0 67 6
0 67 7 0 67 7
0 67 8 0 67 8
0 67 9 0 67 9
0 67 10 0 67 10
0 67 11 0 67 11
0 67 12 0 67 12
0 67 13 0 67 13
0 67 14 0 67 14
0 67 15 0 67 15
0 68 0 0 68 0
0 68 1 0 68 1
0 68 2 0 68 2
0 68 3 0 68 3
0 68 4 0 68 4
0 68 5 0 68 5
0 68 6 0 68 6
0 68 7 0 68 7
0 68 8 0 68 8
0 68 9 0 68 9
0 68 10 0 68 10
0 68 11 0 68 11
0 68 12 0 68 12
0 68 13 0 68 13
0 68 14 0 68 14
0 69 0 0 69 0
0 69 1 0 69 1
0 69 2 0 69 2
0 69 3 0 69 3
0 69 4 0 69 4
0 69 5 0 69 5
0 69 6 0 69 6
0 69 7 0 69 7
0 69 8 0 69 8
0 69 9 0 69 9
0 69 10 0 69 10
0 69 11 0 69 11
0 69 12 0 69 12
0 6a 0 0 6a 0
0 6a 1 0 6a 1
0 6a 2 0 6a 2
0 6a 3 0 6a 3
0 6a 4 0 6a 4
0 6a 5 0 6a 5
0 6a 6 0 6a 6
0 6a 7 0 6a 7
0 6a 8 0 6a 8
0 6a 9 0 6a 9
0 6a 10 0 6a 10
0 6a 11 0 6a 11
0 6a 12 0 6a 12
0 6a 13 0 6a 13
0 6a 14 0 6a 14
0 6a 15 0 6a 15
0 6a 16 0 6a 16
0 6a 17 0 6a 17
0 6a 18 0 6a 18
0 6a 19 0 6a 19
0 6a 20 0 6a 20
0 6a 21 0 6a 21
0 6a 22 0 6a 22
0 6a 23 0 6a 23
0 6a 24 0 6a 24
0 6b 0 0 6b 0
0 6b 1 0 6b 1
0 6b 2 0 6b 2
0 6b 3 0 6b 3
0 6b 4 0 6b 4
0 6b 5 0 6b 5
0 6b 6 0 6b 6
0 6b 7 0 6b 7
0 6b 8 0 6b 8
0 6b 9 0 6b 9
0 6b 10 0 6b 10
0 6b 11 0 6b 11
0 6b 12 0 6b 12
0 6b 13 0 6b 13
0 6b 14 0 6b 14
0 6b 15 0 6b 15
0 6b 16 0 6b 16
0 6b 17 0 6b 17
0 6b 18 0 6b 18
0 6b 19 0 6b 19
0 6b 20 0 6b 20
0 6b 21 0 6b 21
0 6b 22 0 6b 22
0 6b 23 0 6b 23
0 6b 24 0 6b 24
0 6c 0 0 6c 0
0 6c 1 0 6c 1
0 6c 2 0 6c 2
0 6c 3 0 6c 3
0 6c 4 0 6c 4
0 6c 5 0 6c 5
0 6c 6 0 6c 6
0 6c 7 0 6c 7
0 6c 8 0 6c 8
0 6c 9 0 6c 9
0 6c 10 0 6c 10
0 6c 11 0 6c 11
0 6c 12 0 6c 12
0 6c 13 0 6c 13
0 6c 14 0 6c 14
0 6c 15 0 6c 15
0 6c 16 0 6c 16
0 6c 17 0 6c 17
0 6c 18 0 6c 18
0 6c 19 0 6c 19
0 6c 20 0 6c 20
0 6d 0 0 6d 0
0 6d 1 0 6d 1
0 6d 2 0 6d 2
0 6d 3 0 6d 3
0 6d 4 0 6d 4
0 6d 5 0 6d 5
0 6d 6 0 6d 6
0 6d 7 0 6d 7
0 6d 8 0 6d 8
0 6d 9 0 6d 9
0 6d 10 0 6d 10
0 6d 11 0 6d 11
0 6d 12 0 6d 12
0 6d 13 0 6d 13
0 6d 14 0 6d 14
0 6d 15 0 6d 15
0 6d 16 0 6d 16
0 6d 17 0 6d 17
0 6e 0 0 6e 0
0 6e 1 0 6e 1
0 6e 2 0 6e 2
0 6e 3 0 6e 3
0 6e 4 0 6e 4
0 6e 5 0 6e 5
0 6e 6 0 6e 6
0 6e 7 0 6e 7
0 6e 8 0 6e 8
0 6e 9 0 6e 9
0 6e 10 0 6e 10
0 6e 11 0 6e 11
0 6e 12 0 6e 12
0 6e 13 0 6e 13
0 6e 14 0 6e 14
0 6e 15 0 6e 15
0 6e 16 0 6e 16
0 6e 17 0 6e 17
0 6e 18 0 6e 18
0 6e 19 0 6e 19
0 6e 20 0 6e 20
0 6e 21 0 6e 21
0 6e 22 0 6e 22
0 6e 23 0 6e 23
0 6e 24 0 6e 24
0 6e 25 0 6e 25
0 6e 26 0 6e 26
0 6e 27 0 6e 27
0 6e 28 0 6e 28
0 6e 29 0 6e 29
0 6f 0 0 6f 0
0 6f 1 0 6f 1
0 6f 2 0 6f 2
0 6f 3 0 6f 3
0 6f 4 0 6f 4
0 6f 5 0 6f 5
0 6f 6 0 6f 6
0 6f 7 0 6f 7
0 6f 8 0 6f 8
0 6f 9 0 6f 9
0 6f 10 0 6f 10
0 6f 11 0 6f 11
0 6f 12 0 6f 12
0 6f 13 0 6f 13
0 6f 14 0 6f 14
0 6f 15 0 6f 15
0 6f 16 0 6f 16
0 70 0 0 70 0
0 70 1 0 70 1
0 70 2 0 70 2
0 70 3 0 70 3
0 70 4 0 70 4
0 70 5 0 70 5
0 70 6 0 70 6
0 70 7 0 70 7
0 70 8 0 70 8
0 70 9 0 70 9
0 70 10 0 70 10
0 70 11 0 70 11
0 70 12 0 70 12
0 70 13 0 70 13
0 70 14 0 70 14
0 70 15 0 70 15
0 70 16 0 70 16
0 70 17 0 70 17
0 70 18 0 70 18
0 70 19 0 70 19
0 70 20 0 70 20
0 70 21 0 70 21
0 71 0 0 71 0
0 71 1 0 71 1
0 71 2 0 71 2
0 71 3 0 71 3
0 71 4 0 71 4
0 71 5 0 71 5
0 71 6 0 71 6
0 71 7 0 71 7
0 71 8 0 71 8
0 71 9 0 71 9
0 71 10 0 71 10
0 71 11 0 71 11
0 71 12 0 71 12
0 71 13 0 71 13
0 71 14 0 71 14
0 71 15 0 71 15
0 71 16 0 71 16
0 71 17 0 71 17
0 71 18 0 71 18
0 71 19 0 71 19
0 71 20 0 71 20
0 71 21 0 71 21
0 71 22 0 71 22
0 71 23 0 71 23
0 71 24 0 71 24
0 71 25 0 71 25
0 71 26 0 71 26
0 71 27 0 71 27
0 71 28 0 71 28
0 71 29 0 71 29
0 72 0 0 72 0
0 72 1 0 72 1
0 72 2 0 72 2
0 72 3 0 72 3
0 72 4 0 72 4
0 72 5 0 72 5
0 72 6 0 72 6
0 72 7 0 72 7
0 72 8 0 72 8
0 72 9 0 72 9
0 72 10 0 72 10
0 72 11 0 72 11
0 72 12 0 72 12
0 72 13 0 72 13
0 73 0 0 73 0
0 73 1 0 73 1
0 73 2 0 73 2
0 73 3 0 73 3
0 73 4 0 73 4
0 73 5 0 73 5
0 73 6 0 73 6
0 73 7 0 73 7
0 73 8 0 73 8
0 73 9 0 73 9
0 73 10 0 73 10
0 73 11 0 73 11
0 73 12 0 73 12
0 73 13 0 73 13
0 73 14 0 73 14
0 73 15 0 73 15
0 74 0 0 74 0
0 74 1 0 74 1
0 74 2 0 74 2
0 74 3 0 74 3
0 74 4 0 74 4
0 74 5 0 74 5
0 74 6 0 74 6
0 74 7 0 74 7
0 74 8 0 74 8
0 74 9 0 74 9
0 74 10 0 74 10
0 74 11 0 74 11
0 74 12 0 74 12
0 74 13 0 74 13
0 74 14 0 74 14
0 74 15 0 74 15
0 74 16 0 74 16
0 74 17 0 74 17
0 74 18 0 74 18
0 74 19 0 74 19
0 74 20 0 74 20
0 75 0 0 75 0
0 75 1 0 75 1
0 75 2 0 75 2
0 75 3 0 75 3
0 75 4 0 75 4
0 75 5 0 75 5
0 75 6 0 75 6
0 75 7 0 75 7
0 75 8 0 75 8
0 75 9 0 75 9
0 75 10 0 75 10
0 75 11 0 75 11
0 75 12 0 75 12
0 75 13 0 75 13
0 75 14 0 75 14
0 75 15 0 75 15
0 75 16 0 75 16
0 75 17 0 75 17
0 75 18 0 75 18
0 75 19 0 75 19
0 75 20 0 75 20
0 76 0 0 76 0
0 76 1 0 76 1
0 76 2 0 76 2
0 76 3 0 76 3
0 76 4 0 76 4
0 76 5 0 76 5
0 76 6 0 76 6
0 76 7 0 76 7
0 76 8 0 76 8
0 76 9 0 76 9
0 76 10 0 76 10
0 76 11 0 76 11
0 76 12 0 76 12
0 76 13 0 76 13
0 76 14 0 76 14
0 76 15 0 76 15
0 76 16 0 76 16
0 76 17 0 76 17
0 76 18 0 76 18
0 76 19 0 76 19
0 76 20 0 76 20
0 76 21 0 76 21
0 76 22 0 76 22
0 77 0 0 77 0
0 77 1 0 77 1
0 77 2 0 77 2
0 77 3 0 77 3
0 77 4 0 77 4
0 77 5 0 77 5
0 77 6 0 77 6
0 77 7 0 77 7
0 77 8 0 77 8
0 77 9 0 77 9
0 77 10 0 77 10
0 77 11 0 77 11
0 77 12 0 77 12
0 77 13 0 77 13
0 77 14 0 77 14
0 77 15 0 77 15
0 77 16 0 77 16
0 77 17 0 77 17
0 77 18 0 77 18
0 77 19 0 77 19
0 78 0 0 78 0
0 78 1 0 78 1
0 78 2 0 78 2
0 78 3 0 78 3
0 78 4 0 78 4
0 78 5 0 78 5
0 78 6 0 78 6
0 78 7 0 78 7
0 78 8 0 78 8
0 78 9 0 78 9
0 78 10 0 78 10
0 78 11 0 78 11
0 78 12 0 78 12
0 78 13 0 78 13
0 78 14 0 78 14
0 78 15 0 78 15
0 78 16 0 78 16
0 78 17 0 78 17
0 78 18 0 78 18
0 78 19 0 78 19
0 78 20 0 78 20
0 78 21 0 78 21
0 78 22 0 78 22
0 78 23 0 78 23
0 78 24 0 78 24
0 78 25 0 78 25
0 78 26 0 78 26
0 78 27 0 78 27
0 78 28 0 78 28
0 78 29 0 78 29
0 78 30 0 78 30
0 78 31 0 78 31
0 78 32 0 78 32
0 78 33 0 78 33
0 78 34 0 78 34
0 78 35 0 78 35
0 78 36 0 78 36
0 78 37 0 78 37
0 78 38 0 78 38
0 78 39 0 78 39
0 78 40 0 78 40
0 78 41 0 78 41
0 79 0 0 79 0
0 79 1 0 79 1
0 79 2 0 79 2
0 79 3 0 79 3
0 79 4 0 79 4
0 79 5 0 79 5
0 79 6 0 79 6
0 79 7 0 79 7
0 79 8 0 79 8
0 79 9 0 79 9
0 79 10 0 79 10
0 79 11 0 79 11
0 79 12 0 79 12
0 79 13 0 79 13
0 79 14 0 79 14
0 79 15 0 79 15
0 79 16 0 79 16
0 79 17 0 79 17
0 79 18 0 79 18
0 79 19 0 79 19
0 79 20 0 79 20
0 79 21 0 79 21
0 79 22 0 79 22
0 79 23 0 79 23
0 79 24 0 79 24
0 79 25 0 79 25
0 79 26 0 79 26
0 79 27 0 79 27
0 79 28 0 79 28
0 79 29 0 79 29
0 79 30 0 79 30
0 79 31 0 79 31
0 79 32 0 79 32
0 79 33 0 79 33
0 79 34 0 79 34
0 79 35 0 79 35
0 7a 0 0 7a 0
0 7a 1 0 7a 1
0 7a 2 0 7a 2
0 7a 3 0 7a 3
0 7a 4 0 7a 4
0 7a 5 0 7a 5
0 7a 6 0 7a 6
0 7a 7 0 7a 7
0 7a 8 0 7a 8
0 7a 9 0 7a 9
0 7a 10 0 7a 10
0 7a 11 0 7a 11
0 7a 12 0 7a 12
0 7a 13 0 7a 13
0 7a 14 0 7a 14
0 7a 15 0 7a 15
0 7a 16 0 7a 16
0 7a 17 0 7a 17
0 7a 18 0 7a 18
0 7a 19 0 7a 19
0 7a 20 0 7a 20
0 7a 21 0 7a 21
0 7a 22 0 7a 22
0 7a 23 0 7a 23
0 7a 24 0 7a 24
0 7a 25 0 7a 25
0 7a 26 0 7a 26
0 7a 27 0 7a 27
0 7a 28 0 7a 28
0 7a 29 0 7a 29
0 7a 30 0 7a 30
0 b1 0 0 b1 0
0 b1 1 0 b1 1
0 b1 2 0 b1 2
0 b1 3 0 b1 3
0 b1 4 0 b1 4
0 b1 5 0 b1 5
0 b1 6 0 b1 6
0 b1 7 0 b1 7
0 b1 8 0 b1 8
0 b1 9 0 b1 9
0 b1 10 0 b1 10
0 b1 11 0 b1 11
0 b1 12 0 b1 12
0 b1 13 0 b1 13
0 393 0 0 393 0
0 393 1 0 393 1
0 393 2 0 393 2
0 393 3 0 393 3
0 393 4 0 393 4
0 393 5 0 393 5
0 393 6 0 393 6
0 393 7 0 393 7
0 393 8 0 393 8
0 393 9 0 393 9
0 393 10 0 393 10
0 393 11 0 393 11
0 393 12 0 393 12
0 393 13 0 393 13
0 394 0 0 394 0
0 394 1 0 394 1
0 394 2 0 394 2
0 394 3 0 394 3
0 394 4 0 394 4
0 394 5 0 394 5
0 394 6 0 394 6
0 394 7 0 394 7
0 394 8 0 394 8
0 394 9 0 394 9
0 394 10 0 394 10
0 394 11 0 394 11
0 394 12 0 394 12
0 394 13 0 394 13
0 3a0 0 0 3a0 0
0 3a0 1 0 3a0 1
0 3a0 2 0 3a0 2
0 3a0 3 0 3a0 3
0 3a0 4 0 3a0 4
0 3a0 5 0 3a0 5
0 3a0 6 0 3a0 6
0 3a0 7 0 3a0 7
0 3a0 8 0 3a0 8
0 3a0 9 0 3a0 9
0 3a0 10 0 3a0 10
0 3a0 11 0 3a0 11
0 3a0 12 0 3a0 12
0 3a0 13 0 3a0 13
0 3a0 14 0 3a0 14
0 3a0 15 0 3a0 15
0 3a0 16 0 3a0 16
0 3a0 17 0 3a0 17
0 3a0 18 0 3a0 18
0 3a0 19 0 3a0 19
0 3a0 20 0 3a0 20
0 3a3 0 0 3a3 0
0 3a3 1 0 3a3 1
0 3a3 2 0 3a3 2
0 3a3 3 0 3a3 3
0 3a3 4 0 3a3 4
0 3a3 5 0 3a3 5
0 3a3 6 0 3a3 6
0 3a3 7 0 3a3 7
0 3a3 8 0 3a3 8
0 3a3 9 0 3a3 9
0 3a3 10 0 3a3 10
0 3a3 11 0 3a3 11
0 3a3 12 0 3a3 12
0 3a3 13 0 3a3 13
0 3a3 14 0 3a3 14
0 3a3 15 0 3a3 15
0 3a3 16 0 3a3 16
0 3a3 17 0 3a3 17
0 3a3 18 0 3a3 18
0 3a3 19 0 3a3 19
0 3a3 20 0 3a3 20
0 3a3 21 0 3a3 21
0 3a3 22 0 3a3 22
0 3a3 23 0 3a3 23
0 3a3 24 0 3a3 24
0 3a3 25 0 3a3 25
0 3a3 26 0 3a3 26
0 3a3 27 0 3a3 27
0 3a3 28 0 3a3 28
0 3a3 29 0 3a3 29
0 3a3 30 0 3a3 30
0 3a3 31 0 3a3 31
0 3a3 32 0 3a3 32
0 3a3 33 0 3a3 33
0 3a3 34 0 3a3 34
0 3a3 35 0 3a3 35
0 3a3 36 0 3a3 36
0 3a3 37 0 3a3 37
0 3a3 38 0 3a3 38
0 3a3 39 0 3a3 39
0 3a3 40 0 3a3 40
0 3a3 41 0 3a3 41
0 3a3 42 0 3a3 42
0 3a3 43 0 3a3 43
0 3a3 44 0 3a3 44
0 3a3 45 0 3a3 45
0 3a3 46 0 3a3 46
0 3a3 47 0 3a3 47
0 3a3 48 0 3a3 48
0 3a9 0 0 3a9 0
0 3a9 1 0 3a9 1
0 3a9 2 0 3a9 2
0 3a9 3 0 3a9 3
0 3a9 4 0 3a9 4
0 3a9 5 0 3a9 5
0 3a9 6 0 3a9 6
0 3a9 7 0 3a9 7
0 3a9 8 0 3a9 8
0 3a9 9 0 3a9 9
0 3a9 10 0 3a9 10
0 3a9 11 0 3a9 11
0 3a9 12 0 3a9 12
0 3a9 13 0 3a9 13
0 3b1 0 0 3b1 0
0 3b1 1 0 3b1 1
0 3b1 2 0 3b1 2
0 3b1 3 0 3b1 3
0 3b1 4 0 3b1 4
0 3b1 5 0 3b1 5
0 3b1 6 0 3b1 6
0 3b1 7 0 3b1 7
0 3b1 8 0 3b1 8
0 3b1 9 0 3b1 9
0 3b1 10 0 3b1 10
0 3b1 11 0 3b1 11
0 3b1 12 0 3b1 12
0 3b1 13 0 3b1 13
0 3b1 14 0 3b1 14
0 3b1 15 0 3b1 15
0 3b1 16 0 3b1 16
0 3b2 0 0 3b2 0
0 3b2 1 0 3b2 1
0 3b2 2 0 3b2 2
0 3b2 3 0 3b2 3
0 3b2 4 0 3b2 4
0 3b2 5 0 3b2 5
0 3b2 6 0 3b2 6
0 3b2 7 0 3b2 7
0 3b2 8 0 3b2 8
0 3b2 9 0 3b2 9
0 3b2 10 0 3b2 10
0 3b2 11 0 3b2 11
0 3b3 0 0 3b3 0
0 3b3 1 0 3b3 1
0 3b3 2 0 3b3 2
0 3b3 3 0 3b3 3
0 3b3 4 0 3b3 4
0 3b3 5 0 3b3 5
0 3b3 6 0 3b3 6
0 3b3 7 0 3b3 7
0 3b3 8 0 3b3 8
0 3b3 9 0 3b3 9
0 3b3 10 0 3b3 10
0 3b3 11 0 3b3 11
0 3b3 12 0 3b3 12
0 3b3 13 0 3b3 13
0 3b3 14 0 3b3 14
0 3b4 0 0 3b4 0
0 3b4 1 0 3b4 1
0 3b4 2 0 3b4 2
0 3b4 3 0 3b4 3
0 3b4 4 0 3b4 4
0 3b4 5 0 3b4 5
0 3b4 6 0 3b4 6
0 3b4 7 0 3b4 7
0 3b4 8 0 3b4 8
0 3b4 9 0 3b4 9
0 3b4 10 0 3b4 10
0 3b4 11 0 3b4 11
0 3b4 12 0 3b4 12
0 3b5 0 0 3b5 0
0 3b5 1 0 3b5 1
0 3b5 2 0 3b5 2
0 3b5 3 0 3b5 3
0 3b5 4 0 3b5 4
0 3b5 5 0 3b5 5
0 3b5 6 0 3b5 6
0 3b5 7 0 3b5 7
0 3b5 8 0 3b5 8
0 3b5 9 0 3b5 9
0 3b5 10 0 3b5 10
0 3b5 11 0 3b5 11
0 3b5 12 0 3b5 12
0 3b5 13 0 3b5 13
0 3b5 14 0 3b5 14
0 3b5 15 0 3b5 15
0 3b6 0 0 3b6 0
0 3b6 1 0 3b6 1
0 3b6 2 0 3b6 2
0 3b6 3 0 3b6 3
0 3b6 4 0 3b6 4
0 3b6 5 0 3b6 5
0 3b6 6 0 3b6 6
0 3b6 7 0 3b6 7
0 3b6 8 0 3b6 8
0 3b6 9 0 3b6 9
0 3b6 10 0 3b6 10
0 3b6 11 0 3b6 11
0 3b6 12 0 3b6 12
0 3b6 13 0 3b6 13
0 3b6 14 0 3b6 14
0 3b8 0 0 3b8 0
0 3b8 1 0 3b8 1
0 3b8 2 0 3b8 2
0 3b8 3 0 3b8 3
0 3b8 4 0 3b8 4
0 3b8 5 0 3b8 5
0 3b8 6 0 3b8 6
0 3b8 7 0 3b8 7
0 3b8 8 0 3b8 8
0 3b8 9 0 3b8 9
0 3b8 10 0 3b8 10
0 3b8 11 0 3b8 11
0 3b8 12 0 3b8 12
0 3b8 13 0 3b8 13
0 3bb 0 0 3bb 0
0 3bb 1 0 3bb 1
0 3bb 2 0 3bb 2
0 3bb 3 0 3bb 3
0 3bb 4 0 3bb 4
0 3bb 5 0 3bb 5
0 3bb 6 0 3bb 6
0 3bb 7 0 3bb 7
0 3bb 8 0 3bb 8
0 3bb 9 0 3bb 9
0 3bb 10 0 3bb 10
0 3bb 11 0 3bb 11
0 3bb 12 0 3bb 12
0 3bb 13 0 3bb 13
0 3bc 0 0 3bc 0
0 3bc 1 0 3bc 1
0 3bc 2 0 3bc 2
0 3bc 3 0 3bc 3
0 3bc 4 0 3bc 4
0 3bc 5 0 3bc 5
0 3bc 6 0 3bc 6
0 3bc 7 0 3bc 7
0 3bc 8 0 3bc 8
0 3bc 9 0 3bc 9
0 3bc 10 0 3bc 10
0 3bc 11 0 3bc 11
0 3bc 12 0 3bc 12
0 3bc 13 0 3bc 13
0 3be 0 0 3be 0
0 3be 1 0 3be 1
0 3c0 0 0 3c0 0
0 3c0 1 0 3c0 1
0 3c0 2 0 3c0 2
0 3c0 3 0 3c0 3
0 3c0 4 0 3c0 4
0 3c0 5 0 3c0 5
0 3c0 6 0 3c0 6
0 3c0 7 0 3c0 7
0 3c0 8 0 3c0 8
0 3c0 9 0 3c0 9
0 3c0 10 0 3c0 10
0 3c0 11 0 3c0 11
0 3c0 12 0 3c0 12
0 3c0 13 0 3c0 13
0 3c0 14 0 3c0 14
0 3c0 15 0 3c0 15
0 3c0 16 0 3c0 16
0 3c0 17 0 3c0 17
0 3c0 18 0 3c0 18
0 3c0 19 0 3c0 19
0 3c0 20 0 3c0 20
0 3c0 21 0 3c0 21
0 3c0 22 0 3c0 22
0 3c0 23 0 3c0 23
0 3c0 24 0 3c0 24
0 3c0 25 0 3c0 25
0 3c0 26 0 3c0 26
0 3c0 27 0 3c0 27
0 3c0 28 0 3c0 28
0 3c0 29 0 3c0 29
0 3c0 30 0 3c0 30
0 3c0 31 0 3c0 31
0 3c0 32 0 3c0 32
0 3c0 33 0 3c0 33
0 3c1 0 0 3c1 0
0 3c1 1 0 3c1 1
0 3c1 2 0 3c1 2
0 3c1 3 0 3c1 3
0 3c1 4 0 3c1 4
0 3c1 5 0 3c1 5
0 3c1 6 0 3c1 6
0 3c1 7 0 3c1 7
0 3c1 8 0 3c1 8
0 3c1 9 0 3c1 9
0 3c1 10 0 3c1 10
0 3c1 11 0 3c1 11
0 3c1 12 0 3c1 12
0 3c1 13 0 3c1 13
0 3c3 0 0 3c3 0
0 3c3 1 0 3c3 1
0 3c3 2 0 3c3 2
0 3c3 3 0 3c3 3
0 3c3 4 0 3c3 4
0 3c3 5 0 3c3 5
0 3c3 6 0 3c3 6
0 3c3 7 0 3c3 7
0 3c3 8 0 3c3 8
0 3c3 9 0 3c3 9
0 3c3 10 0 3c3 10
0 3c3 11 0 3c3 11
0 3c3 12 0 3c3 12
0 3c3 13 0 3c3 13
0 3c8 0 0 3c8 0
0 3c8 1 0 3c8 1
0 3c8 2 0 3c8 2
0 3c8 3 0 3c8 3
0 3c8 4 0 3c8 4
0 3c8 5 0 3c8 5
0 3c8 6 0 3c8 6
0 3c8 7 0 3c8 7
0 3c8 8 0 3c8 8
0 3c8 9 0 3c8 9
0 3c8 10 0 3c8 10
0 3c8 11 0 3c8 11
0 3c8 12 0 3c8 12
0 3c8 13 0 3c8 13
0 3c8 14 0 3c8 14
0 3d5 0 0 3d5 0
0 3d5 1 0 3d5 1
0 3d5 2 0 3d5 2
0 3d5 3 0 3d5 3
0 3d5 4 0 3d5 4
0 3d5 5 0 3d5 5
0 3d5 6 0 3d5 6
0 3d5 7 0 3d5 7
0 3d5 8 0 3d5 8
0 3d5 9 0 3d5 9
0 221a 0 0 221a 0
0 221a 1 0 221a 1
0 221a 2 0 221a 2
0 221a 3 0 221a 3
0 221a 4 0 221a 4
0 221a 5 0 221a 5
0 221a 6 0 221a 6
0 221a 7 0 221a 7
0 221a 8 0 221a 8
0 221a 9 0 221a 9
0 221a 10 0 221a 10
0 221a 11 0 221a 11
0 221a 12 0 221a 12
0 221a 13 0 221a 13
0 221a 14 0 221a 14
0 221a 15 0 221a 15
0 221a 16 0 221a 16
0 221a 17 0 221a 17
0 221a 18 0 221a 18
0 221a 19 0 221a 19
0 221a 20 0 221a 20
0 221a 21 0 221a 21
0 221a 22 0 221a 22
0 221a 23 0 221a 23
0 221a 24 0 221a 24
0 221a 25 0 221a 25
0 221a 26 0 221a 26
0 221a 27 0 221a 27
0 221a 28 0 221a 28
0 221e 0 0 221e 0
0 221e 1 0 221e 1
0 221e 2 0 221e 2
0 221e 3 0 221e 3
0 221e 4 0 221e 4
0 221e 5 0 221e 5
0 221e 6 0 221e 6
0 221e 7 0 221e 7
0 221e 8 0 221e 8
0 221e 9 0 221e 9
0 221e 10 0 221e 10
0 221e 11 0 221e 11
0 221e 12 0 221e 12
0 221e 13 0 221e 13
0 221e 14 0 221e 14
0 221e 15 0 221e 15
0 221e 16 0 221e 16
0 221e 17 0 221e 17
0 221e 18 0 221e 18
0 221e 19 0 221e 19
0 221e 20 0 221e 20
0 221e 21 0 221e 21
0 221e 22 0 221e 22
0 221e 23 0 221e 23
0 221e 24 0 221e 24
0 221e 25 0 221e 25
0 222b 0 0 222b 0
0 222b 1 0 222b 1
0 222b 2 0 222b 2
0 222b 3 0 222b 3
0 222b 4 0 222b 4
0 222b 5 0 222b 5
0 222b 6 0 222b 6
0 222b 7 0 222b 7
0 222b 8 0 222b 8
0 222b 9 0 222b 9
0 222b 10 0 222b 10
0 222b 11 0 222b 11
0 222b 12 0 222b 12
0 222b 13 0 222b 13
0 222b 14 0 222b 14
0 222b 15 0 222b 15
0 222b 16 0 222b 16
0 222b 17 0 222b 17
0 222b 18 0 222b 18
0 222b 19 0 222b 19
0 222b 20 0 222b 20
0 222b 21 0 222b 21
0 222b 22 0 222b 22
0 222b 23 0 222b 23
0 2260 0 0 2260 0
0 2260 1 0 2260 1
0 2260 2 0 2260 2
0 2260 3 0 2260 3
0 2260 4 0 2260 4
0 2260 5 0 2260 5
0 2260 6 0 2260 6
0 2260 7 0 2260 7
0 2260 8 0 2260 8
0 2260 9 0 2260 9
0 2260 10 0 2260 10
0 2260 11 0 2260 11
0 2264 0 0 2264 0
0 2264 1 0 2264 1
0 2264 2 0 2264 2
0 2264 3 0 2264 3
0 2264 4 0 2264 4
0 2264 5 0 2264 5
0 2264 6 0 2264 6
0 2264 7 0 2264 7
0 2264 8 0 2264 8
0 2264 9 0 2264 9
0 2264 10 0 2264 10
0 2264 11 0 2264 11
0 2264 12 0 2264 12
0 2264 13 0 2264 13
0 2264 14 0 2264 14
0 2264 15 0 2264 15
0 2265 0 0 2265 0
0 2265 1 0 2265 1
0 2265 2 0 2265 2
0 2265 3 0 2265 3
0 2265 4 0 2265 4
0 2265 5 0 2265 5
0 2265 6 0 2265 6
0 2265 7 0 2265 7
0 2265 8 0 2265 8
0 2265 9 0 2265 9
0 2265 10 0 2265 10
0 2265 11 0 2265 11
0 2265 12 0 2265 12
0 2265 13 0 2265 13
0 2265 14 0 2265 14
0 2265 15 0 2265 15
0 2265 16 0 2265 16
0 3c4 0 0 3c4 0
0 3c4 1 0 3c4 1
0 3c4 2 0 3c4 2
0 3c4 3 0 3c4 3
0 3c4 4 0 3c4 4
0 3c4 5 0 3c4 5
0 3c4 6 0 3c4 6
0 3c4 7 0 3c4 7
0 3c4 8 0 3c4 8
0 2e 0 0 2e 0
0 2e 1 0 2e 1
0 2e 2 0 2e 2
0 2e 3 0 2e 3
0 2e 4 0 2e 4
0 2e 5 0 2e 5
0 2e 6 0 2e 6
0 2e 7 0 2e 7
0 3b9 0 0 3b9 0
0 3b9 1 0 3b9 1
0 3b9 2 0 3b9 2
0 3b9 3 0 3b9 3
0 3b9 4 0 3b9 4
0 3b9 5 0 3b9 5
0 3b9 6 0 3b9 6
0 3b9 7 0 3b9 7
0 3b9 8 0 3b9 8
0 3b9 9 0 3b9 9
