0 21 0 0
0 21 1 5
0 31 0 0.160435
0 31 1 0.110746
0 31 2 0.0758789
0 31 5 0.157939
1 31 71 0.11913
0 21 2 7
0 31 0 0.326602
0 31 1 0.134924
0 31 2 0.0460326
0 31 3 0.00699115
0 31 7 0.0253949
0 31 10 0.02268
1 31 71 0.0776498
0 21 3 0
0 21 4 0
0 21 5 0
0 21 6 2
0 31 0 0.207434
1 31 71 0.051837
0 21 7 2
0 31 0 0.212414
0 31 1 0.0175776
0 21 8 0
0 21 9 5
0 31 9 0.181056
1 31 1 0.304192
1 31 37 0.156877
1 31 114 0.0755241
1 31 118 0.0378268
0 28 0 0
0 28 1 0
0 28 2 0
0 28 3 0
0 28 4 0
0 28 5 0
0 28 6 0
0 28 7 0
0 28 8 0
0 28 9 0
0 28 10 0
0 28 11 0
0 28 12 0
0 28 13 0
0 28 14 0
0 28 15 0
0 28 16 0
0 28 17 0
0 28 18 0
0 28 19 0
0 28 20 0
0 29 0 0
0 29 1 0
0 29 2 0
0 29 3 0
0 29 4 0
0 29 5 0
0 29 6 0
0 29 7 0
0 29 8 0
0 29 9 0
0 29 10 0
0 29 11 0
0 29 12 0
0 29 13 0
0 29 14 0
0 29 15 0
0 29 16 0
0 29 17 0
0 29 18 0
0 2b 0 0
0 2b 1 0
0 2b 2 5
0 2d 7 0.253685
1 2d 23 0.105165
1 2d 83 0.270658
1 2d 177 0.0495095
1 2d 187 0.231608
0 2b 3 2
1 2d 179 0.564153
1 2d 184 0.337883
0 2b 4 0
0 2b 5 2
0 2d 7 0.231324
1 2d 187 0.021319
0 2b 6 0
0 2b 7 0
0 2b 8 4
0 2d 1 0.00312482
1 2d 23 0.210019
1 2d 147 0.166272
1 2d 180 0.0695527
0 2b 9 7
0 2d 4 0.454888
0 2d 5 0.295053
0 2d 6 0.248573
0 2d 8 0.226695
1 2d 154 0.29677
1 2d 155 0.308408
1 2d 234 0.301052
0 2b 10 0
0 2b 11 12
0 2d 1 0.0827177
0 2d 3 0.153106
0 2d 4 0.0428704
0 2d 5 0.102849
0 2d 7 0.414164
0 2d 8 0.212957
1 2d 46 0.0778101
1 2d 83 0.0388883
1 2d 137 0.0839396
1 2d 154 0.056084
1 2d 187 0.434644
1 2d 241 0.0627123
0 2b 12 2
0 2d 7 0.32266
0 2d 8 0.0918889
0 2b 13 2
0 2d 8 0.0169245
1 2d 45 0.100288
0 2b 14 10
0 2d 3 0.0754255
0 2d 4 0.0603753
0 2d 5 0.111476
0 2d 7 0.321545
0 2d 8 0.467528
1 2d 154 0.00858152
1 2d 155 0.022776
1 2d 187 0.194411
1 2d 234 0.101928
1 2d 241 0.116114
0 2b 15 3
0 2d 3 0.0478144
0 2d 7 0.187022
1 2d 241 0.00337587
0 2b 16 0
0 2b 17 0
0 2b 18 0
0 2b 19 0
0 2b 20 0
0 2b 21 4
0 31 3 0.174636
0 31 6 0.294477
0 31 7 0.015636
1 31 21 0.110859
0 2b 22 6
0 31 0 0.291038
0 31 9 0.170223
0 31 11 0.155878
1 31 1 0.0183313
1 31 13 0.166191
1 31 88 0.0590754
0 2b 23 0
0 2b 24 0
0 2b 25 0
0 2b 26 5
0 2d 1 0.198521
1 2d 21 0.089275
1 2d 23 0.0237894
1 2d 46 0.117504
1 2d 137 0.00287456
0 2b 27 3
1 2d 45 0.00590518
1 2d 141 0.165813
1 2d 266 0.0753826
0 2b 28 12
0 2d 1 0.34194
0 2d 3 0.189641
0 2d 5 0.083697
0 2d 8 0.18323
1 2d 21 0.268008
1 2d 23 0.163106
1 2d 46 0.184657
1 2d 137 0.218688
1 2d 155 0.040092
1 2d 187 0.329999
1 2d 234 0.179402
1 2d 241 0.344697
0 2b 29 5
0 2d 4 0.115256
0 2d 7 0.139016
0 2d 8 0.21232
1 2d 154 0.296567
1 2d 155 0.0441614
0 2b 30 0
0 2c 0 0
0 2c 1 0
0 2c 2 0
0 2c 3 0
0 2c 4 0
0 2c 5 0
0 2c 6 0
0 2c 7 0
0 2d 0 0
0 2d 1 0
0 2d 2 0
0 2d 3 0
0 2d 4 0
0 2d 5 0
0 2d 6 0
0 2d 7 0
0 2d 8 0
0 2d 9 0
0 2d 10 0
0 2e 0 0
0 2e 1 0
0 2e 2 0
0 2e 3 0
0 2e 4 0
0 2e 5 0
0 2e 6 0
0 2e 7 0
0 30 0 0
0 30 1 0
0 30 2 0
0 30 3 0
0 30 4 0
0 30 5 0
0 30 6 0
0 30 7 0
0 30 8 0
0 30 9 0
0 30 10 0
0 30 11 0
0 30 12 0
0 30 13 0
0 30 14 0
0 30 15 0
0 30 16 0
0 30 17 0
0 31 0 0
0 31 1 0
0 31 2 0
0 31 3 0
0 31 4 0
0 31 5 0
0 31 6 0
0 31 7 0
0 31 8 0
0 31 9 0
0 31 10 0
0 31 11 0
0 31 12 0
0 31 13 0
0 31 14 0
0 31 15 0
0 31 16 0
0 31 17 0
0 31 18 0
0 31 19 0
0 31 20 0
0 31 21 0
0 31 22 0
0 31 23 0
0 31 24 0
0 31 25 0
0 31 26 0
0 31 27 0
0 31 28 0
0 31 29 0
0 32 0 0
0 32 1 0
0 32 2 0
0 32 3 0
0 32 4 0
0 32 5 0
0 32 6 0
0 32 7 0
0 32 8 0
0 32 9 0
0 32 10 0
0 32 11 0
0 32 12 0
0 32 13 0
0 32 14 0
0 32 15 0
0 32 16 0
0 32 17 0
0 32 18 0
0 32 19 0
0 32 20 0
0 32 21 0
0 32 22 0
0 32 23 0
0 32 24 0
0 33 0 0
0 33 1 0
0 33 2 0
0 33 3 0
0 33 4 0
0 33 5 0
0 33 6 0
0 33 7 0
0 33 8 0
0 33 9 0
0 33 10 0
0 33 11 0
0 33 12 0
0 33 13 0
0 33 14 0
0 33 15 0
0 33 16 0
0 33 17 0
0 33 18 0
0 34 0 0
0 34 1 0
0 34 2 0
0 34 3 0
0 34 4 0
0 34 5 0
0 34 6 0
0 34 7 0
0 34 8 0
0 34 9 0
0 34 10 0
0 34 11 0
0 34 12 0
0 34 13 0
0 34 14 0
0 34 15 0
0 34 16 0
0 34 17 0
0 34 18 0
0 34 19 0
0 34 20 0
0 34 21 0
0 34 22 0
0 34 23 0
0 34 24 0
0 34 25 0
0 35 0 0
0 35 1 0
0 35 2 0
0 35 3 0
0 35 4 0
0 35 5 0
0 35 6 0
0 35 7 0
0 35 8 0
0 35 9 0
0 35 10 0
0 35 11 0
0 35 12 0
0 35 13 0
0 35 14 0
0 36 0 0
0 36 1 0
0 36 2 0
0 36 3 0
0 36 4 0
0 36 5 0
0 36 6 0
0 36 7 0
0 36 8 0
0 36 9 0
0 36 10 0
0 36 11 0
0 36 12 0
0 36 13 0
0 36 14 0
0 36 15 0
0 37 0 0
0 37 1 0
0 37 2 0
0 37 3 0
0 37 4 0
0 37 5 0
0 37 6 0
0 37 7 0
0 37 8 0
0 37 9 0
0 37 10 0
0 37 11 0
0 37 12 0
0 37 13 0
0 37 14 0
0 37 15 0
0 37 16 0
0 37 17 0
0 37 18 0
0 37 19 0
0 37 20 0
0 37 21 0
0 37 22 0
0 37 23 0
0 37 24 0
0 37 25 0
0 37 26 0
0 38 0 0
0 38 1 0
0 38 2 0
0 38 3 0
0 38 4 0
0 38 5 0
0 38 6 0
0 38 7 0
0 38 8 0
0 38 9 0
0 38 10 0
0 38 11 0
0 38 12 0
0 38 13 0
0 38 14 0
0 38 15 0
0 38 16 0
0 38 17 0
0 38 18 0
0 38 19 0
0 38 20 0
0 38 21 0
0 38 22 0
0 38 23 0
0 39 0 0
0 39 1 0
0 39 2 0
0 39 3 0
0 39 4 0
0 39 5 0
0 39 6 0
0 39 7 0
0 39 8 0
0 39 9 0
0 39 10 0
0 39 11 0
0 39 12 0
0 39 13 0
0 39 14 0
0 3c 0 0
0 3c 1 0
0 3c 2 0
0 3c 3 0
0 3c 4 0
0 3c 5 0
0 3c 6 0
0 3c 7 0
0 3c 8 0
0 3c 9 0
0 3c 10 0
0 3c 11 0
0 3c 12 0
0 3c 13 0
0 3c 14 0
0 3d 0 6
0 2d 5 0.019627
0 2d 6 0.0608844
0 2d 8 0.057291
1 2d 155 0.265026
1 2d 234 0.238488
1 2d 241 0.15446
0 3d 1 0
0 3d 2 0
0 3d 3 0
0 3d 4 4
0 2d 6 0.26272
1 2d 41 0.0612039
1 2d 154 0.2965
1 2d 155 0.20521
0 3d 5 14
0 2d 1 0.198811
0 2d 3 0.0577649
0 2d 5 0.0020301
0 2d 7 0.12879
0 2d 8 0.0274025
1 2d 21 0.120211
1 2d 23 0.168317
1 2d 46 0.196914
1 2d 83 0.0225423
1 2d 137 0.212426
1 2d 155 0.0060205
1 2d 187 0.274795
1 2d 234 0.0856503
1 2d 241 0.208573
0 3d 6 0
0 3d 7 0
0 3d 8 10
0 2d 1 0.01127
0 2d 7 0.0139649
1 2d 21 0.0883224
1 2d 23 0.135666
1 2d 46 0.145723
1 2d 137 0.0359923
1 2d 153 0.0194369
1 2d 187 0.0676519
1 2d 195 0.0692972
1 2d 241 0.0175178
0 3e 0 0
0 3e 1 0
0 3e 2 0
0 3e 3 0
0 3e 4 0
0 3e 5 0
0 3e 6 0
0 3e 7 0
0 3e 8 0
0 3e 9 0
0 3e 10 0
0 3e 11 0
0 3e 12 0
0 3e 13 0
0 41 0 0
0 41 1 0
0 41 2 0
0 41 3 0
0 41 4 0
0 41 5 0
0 41 6 0
0 41 7 0
0 41 8 0
0 41 9 0
0 41 10 0
0 41 11 0
0 41 12 0
0 42 0 0
0 42 1 0
0 42 2 0
0 42 3 0
0 42 4 0
0 42 5 0
0 42 6 0
0 42 7 0
0 42 8 0
0 42 9 1
1 31 151 0.126016
0 42 10 0
0 42 11 0
0 42 12 0
0 42 13 0
0 42 14 0
0 42 15 0
0 43 0 0
0 43 1 0
0 43 2 0
0 43 3 0
0 43 4 0
0 43 5 0
0 43 6 0
0 43 7 0
0 43 8 0
0 43 9 0
0 43 10 0
0 43 11 0
0 43 12 0
0 43 13 0
0 43 14 0
0 43 15 0
0 43 16 0
0 43 17 0
0 43 18 0
0 43 19 0
0 43 20 0
0 43 21 0
0 43 22 0
0 44 0 0
0 44 1 0
0 44 2 0
0 44 3 0
0 44 4 0
0 44 5 0
0 44 6 0
0 44 7 0
0 44 8 0
0 44 9 0
0 44 10 0
0 44 11 0
0 44 12 0
0 44 13 0
0 44 14 2
0 31 3 0.0196016
1 31 43 0.0773198
0 44 15 0
0 44 16 0
0 44 17 0
0 44 18 0
0 44 19 0
0 44 20 0
0 44 21 0
0 44 22 0
0 44 23 0
0 45 0 0
0 45 1 0
0 45 2 0
0 45 3 0
0 45 4 0
0 45 5 0
0 45 6 0
0 45 7 0
0 45 8 0
0 45 9 0
0 45 10 0
0 45 11 0
0 45 12 0
0 45 13 0
0 45 14 3
0 31 3 0.464559
0 31 6 0.176036
1 31 43 0.232806
0 45 15 0
0 45 16 0
0 45 17 0
0 45 18 0
0 45 19 0
0 45 20 0
0 46 0 0
0 46 1 0
0 46 2 0
0 46 3 0
0 46 4 0
0 46 5 0
0 46 6 0
0 46 7 0
0 46 8 0
0 46 9 0
0 46 10 0
0 46 11 0
0 46 12 0
0 46 13 0
0 46 14 3
1 31 1 0.0265383
1 31 37 0.0506696
1 31 43 0.00742684
0 46 15 1
0 31 3 0.123152
0 46 16 1
1 31 43 0.126368
0 46 17 4
0 31 11 0.0245118
0 31 14 0.13286
1 31 70 0.0163941
1 31 88 0.031819
0 46 18 0
0 46 19 0
0 46 20 0
0 46 21 0
0 46 22 0
0 47 0 0
0 47 1 0
0 47 2 0
0 47 3 0
0 47 4 0
0 47 5 0
0 47 6 0
0 47 7 0
0 47 8 0
0 47 9 0
0 47 10 0
0 47 11 0
0 47 12 0
0 47 13 0
0 47 14 0
0 47 15 0
0 47 16 0
0 47 17 0
0 47 18 0
0 47 19 0
0 47 20 0
0 47 21 0
0 47 22 0
0 47 23 0
0 47 24 0
0 47 25 0
0 47 26 0
0 48 0 0
0 48 1 0
0 48 2 2
0 31 15 0.0600592
1 31 14 0.0318698
0 48 3 1
0 31 3 0.0638532
0 48 4 1
0 31 14 0.00474792
0 48 5 0
0 48 6 0
0 48 7 0
0 48 8 0
0 48 9 1
0 31 14 0.124058
0 48 10 0
0 48 11 0
0 48 12 1
1 31 43 0.025129
0 48 13 1
0 31 16 0.13066
0 48 14 0
0 49 0 0
0 49 1 5
0 31 0 0.0770824
0 31 9 0.054908
0 31 11 0.0128422
1 31 13 0.0628517
1 31 88 0.088329
0 49 2 0
0 49 3 0
0 49 4 0
0 49 5 0
0 49 6 0
0 49 7 0
0 49 8 0
0 49 9 0
0 49 10 0
0 49 11 0
0 49 12 0
0 49 13 0
0 4a 0 0
0 4a 1 0
0 4a 2 0
0 4a 3 0
0 4a 4 0
0 4a 5 0
0 4a 6 0
0 4a 7 0
0 4a 8 0
0 4a 9 0
0 4a 10 0
0 4a 11 0
0 4a 12 0
0 4a 13 0
0 4a 14 0
0 4a 15 3
1 2d 23 0.0657867
1 2d 131 0.337324
1 2d 187 0.0627445
0 4a 16 0
0 4b 0 2
0 31 3 0.167458
0 31 6 0.272936
0 4b 1 0
0 4b 2 2
0 31 3 0.0652532
1 31 43 0.0999412
0 4b 3 0
0 4b 4 0
0 4b 5 0
0 4b 6 0
0 4b 7 0
0 4b 8 7
0 31 0 0.133304
0 31 9 0.0323025
0 31 10 0.0886286
0 31 11 0.324
0 31 14 0.0183171
1 31 13 0.312487
1 31 88 0.253377
0 4b 9 6
0 31 2 0.0600504
1 31 7 0.0424895
1 31 21 0.0852135
1 31 36 0.0839121
1 31 39 0.286637
1 31 75 0.00425317
0 4b 10 0
0 4b 11 0
0 4b 12 0
0 4c 0 0
0 4c 1 0
0 4c 2 0
0 4c 3 0
0 4c 4 0
0 4c 5 0
0 4c 6 0
0 4c 7 0
0 4c 8 0
0 4c 9 0
0 4c 10 0
0 4c 11 0
0 4c 12 0
0 4c 13 0
0 4c 14 0
0 4d 0 0
0 4d 1 2
0 31 3 0.0554487
0 31 6 0.152781
0 4d 2 0
0 4d 3 0
0 4d 4 0
0 4d 5 0
0 4d 6 3
0 31 3 0.16555
0 31 4 0.0719609
0 31 6 0.112377
0 4d 7 0
0 4d 8 0
0 4d 9 0
0 4d 10 0
0 4d 11 0
0 4d 12 0
0 4d 13 0
0 4d 14 0
0 4d 15 0
0 4d 16 0
0 4d 17 0
0 4d 18 0
0 4d 19 0
0 4d 20 0
0 4d 21 0
0 4d 22 0
0 4d 23 0
0 4d 24 0
0 4d 25 0
0 4d 26 0
0 4e 0 1
1 31 3 0.391779
0 4e 1 0
0 4e 2 0
0 4e 3 0
0 4e 4 0
0 4e 5 0
0 4e 6 0
0 4e 7 0
0 4e 8 0
0 4e 9 0
0 4e 10 0
0 4e 11 0
0 4e 12 0
0 4e 13 0
0 4e 14 0
0 4e 15 0
0 4e 16 0
0 4e 17 0
0 4e 18 0
0 4e 19 0
0 4e 20 0
0 4e 21 0
0 4e 22 0
0 4f 0 0
0 4f 1 0
0 4f 2 0
0 4f 3 0
0 4f 4 0
0 4f 5 0
0 4f 6 0
0 4f 7 0
0 4f 8 0
0 4f 9 0
0 4f 10 0
0 4f 11 0
0 4f 12 0
0 4f 13 0
0 4f 14 0
0 4f 15 0
0 4f 16 0
0 50 0 0
0 50 1 0
0 50 2 0
0 50 3 0
0 50 4 0
0 50 5 0
0 50 6 0
0 50 7 0
0 50 8 0
0 50 9 0
0 50 10 0
0 50 11 0
0 50 12 0
0 50 13 0
0 50 14 0
0 50 15 0
0 51 0 0
0 51 1 0
0 51 2 0
0 51 3 0
0 51 4 0
0 51 5 0
0 51 6 0
0 51 7 0
0 51 8 0
0 51 9 0
0 51 10 0
0 51 11 0
0 51 12 0
0 51 13 0
0 51 14 0
0 51 15 0
0 51 16 0
0 51 17 0
0 51 18 0
0 51 19 0
0 51 20 0
0 51 21 0
0 51 22 0
0 52 0 0
0 52 1 0
0 52 2 0
0 52 3 0
0 52 4 0
0 52 5 0
0 52 6 0
0 52 7 0
0 52 8 0
0 52 9 0
0 52 10 0
0 52 11 0
0 52 12 0
0 52 13 0
0 52 14 1
0 31 23 0.30423
0 52 15 0
0 52 16 0
0 52 17 0
0 52 18 0
0 52 19 0
0 52 20 0
0 52 21 0
0 52 22 0
0 52 23 4
0 31 0 0.160382
0 31 10 0.00430448
1 31 2 0.0271904
1 31 88 0.0253866
0 52 24 0
0 52 25 0
0 52 26 0
0 53 0 0
0 53 1 0
0 53 2 0
0 53 3 0
0 53 4 0
0 53 5 0
0 53 6 0
0 53 7 0
0 53 8 0
0 53 9 0
0 53 10 0
0 53 11 0
0 53 12 0
0 53 13 0
0 53 14 0
0 53 15 0
0 53 16 0
0 54 0 1
1 31 101 0.0433349
0 54 1 0
0 54 2 0
0 54 3 1
0 31 4 0.20683
0 54 4 0
0 54 5 0
0 54 6 0
0 54 7 2
0 31 1 0.0925029
0 31 3 0.113958
0 54 8 0
0 54 9 0
0 54 10 0
0 54 11 0
0 54 12 0
0 54 13 0
0 54 14 0
0 55 0 0
0 55 1 0
0 55 2 0
0 55 3 0
0 55 4 0
0 55 5 0
0 55 6 0
0 55 7 0
0 55 8 0
0 55 9 0
0 55 10 0
0 55 11 0
0 55 12 0
0 55 13 0
0 55 14 0
0 55 15 0
0 55 16 0
0 56 0 0
0 56 1 0
0 56 2 0
0 56 3 0
0 56 4 0
0 56 5 0
0 56 6 0
0 56 7 0
0 56 8 0
0 56 9 0
0 56 10 0
0 56 11 0
0 56 12 0
0 56 13 0
0 56 14 0
0 56 15 0
0 57 0 0
0 57 1 0
0 57 2 0
0 57 3 0
0 57 4 0
0 57 5 0
0 57 6 0
0 57 7 0
0 57 8 0
0 57 9 0
0 57 10 0
0 57 11 0
0 57 12 0
0 57 13 0
0 57 14 0
0 57 15 0
0 58 0 0
0 58 1 0
0 58 2 0
0 58 3 0
0 58 4 0
0 58 5 0
0 58 6 0
0 58 7 0
0 58 8 0
0 58 9 0
0 58 10 0
0 58 11 0
0 58 12 0
0 59 0 0
0 59 1 0
0 59 2 0
0 59 3 0
0 59 4 0
0 59 5 0
0 59 6 0
0 59 7 0
0 59 8 0
0 59 9 0
0 59 10 0
0 59 11 0
0 59 12 0
0 59 13 0
0 5a 0 0
0 5a 1 0
0 5a 2 0
0 5a 3 0
0 5a 4 0
0 5a 5 0
0 5a 6 0
0 5a 7 0
0 5a 8 0
0 5a 9 0
0 5a 10 0
0 5a 11 0
0 5a 12 0
0 5a 13 0
0 5b 0 0
0 5b 1 0
0 5b 2 0
0 5b 3 0
0 5b 4 0
0 5b 5 0
0 5b 6 0
0 5b 7 0
0 5b 8 0
0 5b 9 0
0 5d 0 0
0 5d 1 0
0 5d 2 0
0 5d 3 0
0 5d 4 0
0 5d 5 0
0 5d 6 0
0 5d 7 0
0 5d 8 0
0 5d 9 0
0 61 0 0
0 61 1 0
0 61 2 0
0 61 3 0
0 61 4 0
0 61 5 0
0 61 6 0
0 61 7 0
0 61 8 0
0 61 9 0
0 61 10 0
0 61 11 0
0 61 12 0
0 61 13 0
0 62 0 0
0 62 1 0
0 62 2 0
0 62 3 0
0 62 4 0
0 62 5 0
0 62 6 0
0 62 7 0
0 62 8 0
0 62 9 0
0 62 10 0
0 62 11 0
0 62 12 0
0 62 13 0
0 62 14 0
0 62 15 0
0 62 16 0
0 63 0 0
0 63 1 0
0 63 2 0
0 63 3 0
0 63 4 0
0 63 5 0
0 63 6 0
0 63 7 0
0 63 8 0
0 63 9 0
0 63 10 0
0 63 11 0
0 63 12 0
0 63 13 0
0 63 14 0
0 64 0 0
0 64 1 0
0 64 2 3
0 31 24 0.173431
1 31 7 0.101177
1 31 39 0.145527
0 64 3 1
0 31 24 0.0804355
0 64 4 0
0 64 5 0
0 64 6 6
0 31 0 0.0476023
0 31 1 0.0797557
0 31 3 0.237263
0 31 7 0.0420706
0 31 8 0.0458701
1 31 21 0.101458
0 64 7 1
1 31 2 0.0636694
0 64 8 4
0 31 0 0.225249
0 31 1 0.0768992
0 31 3 0.173414
0 31 10 0.0294843
0 64 9 1
0 31 1 0.0631125
0 64 10 0
0 64 11 0
0 64 12 0
0 64 13 0
0 64 14 0
0 64 15 0
0 64 16 0
0 64 17 0
0 64 18 0
0 64 19 0
0 64 20 0
0 64 21 0
0 64 22 0
0 64 23 0
0 64 24 0
0 64 25 0
0 64 26 0
0 64 27 0
0 64 28 0
0 64 29 0
0 64 30 0
0 64 31 0
0 64 32 0
0 64 33 0
0 64 34 0
0 64 35 0
0 64 36 0
0 64 37 0
0 64 38 0
0 64 39 0
0 64 40 0
0 64 41 0
0 64 42 0
0 64 43 0
0 64 44 0
0 64 45 0
0 64 46 0
0 64 47 0
0 64 48 0
0 64 49 0
0 64 50 0
0 64 51 0
0 64 52 0
0 64 53 0
0 64 54 0
0 64 55 0
0 64 56 0
0 64 57 0
0 64 58 0
0 65 0 0
0 65 1 0
0 65 2 0
0 65 3 0
0 65 4 0
0 65 5 0
0 65 6 0
0 65 7 0
0 65 8 0
0 65 9 0
0 65 10 0
0 65 11 0
0 65 12 0
0 65 13 0
0 65 14 0
0 65 15 0
0 65 16 0
0 66 0 0
0 66 1 0
0 66 2 0
0 66 3 0
0 66 4 0
0 66 5 0
0 66 6 0
0 66 7 0
0 66 8 0
0 66 9 0
0 66 10 0
0 66 11 0
0 66 12 0
0 66 13 0
0 66 14 0
0 66 15 0
0 66 16 0
0 66 17 0
0 66 18 0
0 66 19 0
0 66 20 0
0 66 21 0
0 67 0 0
0 67 1 0
0 67 2 0
0 67 3 0
0 67 4 0
0 67 5 0
0 67 6 0
0 67 7 0
0 67 8 0
0 67 9 0
0 67 10 0
0 67 11 0
0 67 12 0
0 67 13 0
0 67 14 0
0 67 15 0
0 68 0 0
0 68 1 0
0 68 2 0
0 68 3 0
0 68 4 0
0 68 5 0
0 68 6 0
0 68 7 0
0 68 8 0
0 68 9 0
0 68 10 0
0 68 11 0
0 68 12 0
0 68 13 0
0 68 14 0
0 69 0 0
0 69 1 0
0 69 2 0
0 69 3 0
0 69 4 0
0 69 5 0
0 69 6 0
0 69 7 0
0 69 8 0
0 69 9 0
0 69 10 0
0 69 11 0
0 69 12 0
0 6a 0 0
0 6a 1 0
0 6a 2 0
0 6a 3 0
0 6a 4 0
0 6a 5 0
0 6a 6 0
0 6a 7 0
0 6a 8 0
0 6a 9 0
0 6a 10 0
0 6a 11 0
0 6a 12 0
0 6a 13 0
0 6a 14 0
0 6a 15 0
0 6a 16 0
0 6a 17 0
0 6a 18 0
0 6a 19 0
0 6a 20 0
0 6a 21 0
0 6a 22 0
0 6a 23 0
0 6a 24 0
0 6b 0 0
0 6b 1 0
0 6b 2 0
0 6b 3 0
0 6b 4 0
0 6b 5 0
0 6b 6 0
0 6b 7 0
0 6b 8 0
0 6b 9 0
0 6b 10 2
0 31 3 0.115502
0 31 6 0.0445807
0 6b 11 0
0 6b 12 1
1 31 95 0.0568254
0 6b 13 0
0 6b 14 0
0 6b 15 0
0 6b 16 0
0 6b 17 1
0 31 3 0.0138945
0 6b 18 0
0 6b 19 0
0 6b 20 0
0 6b 21 0
0 6b 22 0
0 6b 23 0
0 6b 24 0
0 6c 0 0
0 6c 1 0
0 6c 2 0
0 6c 3 0
0 6c 4 0
0 6c 5 0
0 6c 6 0
0 6c 7 0
0 6c 8 0
0 6c 9 0
0 6c 10 0
0 6c 11 0
0 6c 12 0
0 6c 13 0
0 6c 14 0
0 6c 15 0
0 6c 16 0
0 6c 17 0
0 6c 18 0
0 6c 19 0
0 6c 20 0
0 6d 0 0
0 6d 1 0
0 6d 2 0
0 6d 3 0
0 6d 4 0
0 6d 5 0
0 6d 6 0
0 6d 7 0
0 6d 8 0
0 6d 9 0
0 6d 10 0
0 6d 11 0
0 6d 12 0
0 6d 13 0
0 6d 14 0
0 6d 15 0
0 6d 16 0
0 6d 17 0
0 6e 0 0
0 6e 1 0
0 6e 2 0
0 6e 3 0
0 6e 4 0
0 6e 5 0
0 6e 6 0
0 6e 7 0
0 6e 8 0
0 6e 9 0
0 6e 10 0
0 6e 11 0
0 6e 12 0
0 6e 13 0
0 6e 14 0
0 6e 15 0
0 6e 16 0
0 6e 17 0
0 6e 18 0
0 6e 19 0
0 6e 20 0
0 6e 21 0
0 6e 22 0
0 6e 23 0
0 6e 24 0
0 6e 25 0
0 6e 26 0
0 6e 27 0
0 6e 28 0
0 6e 29 0
0 6f 0 0
0 6f 1 0
0 6f 2 0
0 6f 3 0
0 6f 4 0
0 6f 5 0
0 6f 6 0
0 6f 7 0
0 6f 8 0
0 6f 9 0
0 6f 10 0
0 6f 11 0
0 6f 12 0
0 6f 13 0
0 6f 14 0
0 6f 15 0
0 6f 16 0
0 70 0 0
0 70 1 0
0 70 2 0
0 70 3 0
0 70 4 0
0 70 5 0
0 70 6 0
0 70 7 0
0 70 8 0
0 70 9 0
0 70 10 0
0 70 11 0
0 70 12 0
0 70 13 0
0 70 14 0
0 70 15 0
0 70 16 0
0 70 17 0
0 70 18 0
0 70 19 0
0 70 20 0
0 70 21 0
0 71 0 0
0 71 1 0
0 71 2 0
0 71 3 0
0 71 4 0
0 71 5 0
0 71 6 0
0 71 7 0
0 71 8 0
0 71 9 0
0 71 10 0
0 71 11 0
0 71 12 0
0 71 13 0
0 71 14 0
0 71 15 0
0 71 16 0
0 71 17 0
0 71 18 0
0 71 19 0
0 71 20 0
0 71 21 0
0 71 22 0
0 71 23 0
0 71 24 0
0 71 25 0
0 71 26 0
0 71 27 0
0 71 28 0
0 71 29 0
0 72 0 0
0 72 1 0
0 72 2 0
0 72 3 0
0 72 4 0
0 72 5 0
0 72 6 0
0 72 7 0
0 72 8 0
0 72 9 0
0 72 10 0
0 72 11 0
0 72 12 0
0 72 13 0
0 73 0 0
0 73 1 0
0 73 2 0
0 73 3 0
0 73 4 0
0 73 5 0
0 73 6 0
0 73 7 0
0 73 8 0
0 73 9 0
0 73 10 0
0 73 11 0
0 73 12 0
0 73 13 0
0 73 14 0
0 73 15 0
0 74 0 0
0 74 1 0
0 74 2 0
0 74 3 0
0 74 4 0
0 74 5 0
0 74 6 0
0 74 7 0
0 74 8 0
0 74 9 0
0 74 10 0
0 74 11 0
0 74 12 0
0 74 13 0
0 74 14 0
0 74 15 0
0 74 16 0
0 74 17 0
0 74 18 0
0 74 19 0
0 74 20 0
0 75 0 0
0 75 1 0
0 75 2 0
0 75 3 0
0 75 4 0
0 75 5 0
0 75 6 0
0 75 7 0
0 75 8 0
0 75 9 0
0 75 10 0
0 75 11 0
0 75 12 0
0 75 13 0
0 75 14 0
0 75 15 0
0 75 16 0
0 75 17 0
0 75 18 0
0 75 19 0
0 75 20 0
0 76 0 0
0 76 1 0
0 76 2 0
0 76 3 0
0 76 4 0
0 76 5 0
0 76 6 0
0 76 7 0
0 76 8 0
0 76 9 0
0 76 10 0
0 76 11 0
0 76 12 0
0 76 13 0
0 76 14 0
0 76 15 0
0 76 16 0
0 76 17 0
0 76 18 0
0 76 19 0
0 76 20 0
0 76 21 0
0 76 22 0
0 77 0 0
0 77 1 0
0 77 2 0
0 77 3 0
0 77 4 0
0 77 5 0
0 77 6 0
0 77 7 0
0 77 8 0
0 77 9 0
0 77 10 0
0 77 11 0
0 77 12 0
0 77 13 0
0 77 14 0
0 77 15 0
0 77 16 0
0 77 17 0
0 77 18 0
0 77 19 0
0 78 0 0
0 78 1 0
0 78 2 0
0 78 3 0
0 78 4 0
0 78 5 0
0 78 6 0
0 78 7 0
0 78 8 0
0 78 9 0
0 78 10 0
0 78 11 0
0 78 12 0
0 78 13 0
0 78 14 0
0 78 15 0
0 78 16 0
0 78 17 0
0 78 18 0
0 78 19 0
0 78 20 0
0 78 21 0
0 78 22 0
0 78 23 0
0 78 24 0
0 78 25 0
0 78 26 0
0 78 27 0
0 78 28 0
0 78 29 0
0 78 30 0
0 78 31 0
0 78 32 0
0 78 33 0
0 78 34 0
0 78 35 0
0 78 36 0
0 78 37 0
0 78 38 0
0 78 39 0
0 78 40 0
0 78 41 0
0 79 0 0
0 79 1 0
0 79 2 0
0 79 3 0
0 79 4 0
0 79 5 0
0 79 6 0
0 79 7 0
0 79 8 0
0 79 9 0
0 79 10 0
0 79 11 0
0 79 12 0
0 79 13 0
0 79 14 0
0 79 15 0
0 79 16 0
0 79 17 0
0 79 18 0
0 79 19 0
0 79 20 0
0 79 21 0
0 79 22 0
0 79 23 0
0 79 24 0
0 79 25 0
0 79 26 0
0 79 27 0
0 79 28 0
0 79 29 0
0 79 30 0
0 79 31 0
0 79 32 0
0 79 33 0
0 79 34 0
0 79 35 0
0 7a 0 0
0 7a 1 0
0 7a 2 0
0 7a 3 0
0 7a 4 0
0 7a 5 0
0 7a 6 0
0 7a 7 0
0 7a 8 0
0 7a 9 0
0 7a 10 0
0 7a 11 0
0 7a 12 0
0 7a 13 0
0 7a 14 0
0 7a 15 0
0 7a 16 0
0 7a 17 0
0 7a 18 0
0 7a 19 0
0 7a 20 0
0 7a 21 0
0 7a 22 0
0 7a 23 0
0 7a 24 0
0 7a 25 0
0 7a 26 0
0 7a 27 0
0 7a 28 0
0 7a 29 0
0 7a 30 0
0 7b 0 0
0 7b 1 0
0 7b 2 0
0 7b 3 0
0 7b 4 0
0 7b 5 0
0 7b 6 0
0 7b 7 0
0 7b 8 0
0 7b 9 0
0 7d 0 0
0 7d 1 0
0 7d 2 0
0 7d 3 0
0 7d 4 0
0 7d 5 0
0 7d 6 0
0 7d 7 0
0 7d 8 0
0 7d 9 0
0 b1 0 0
0 b1 1 1
0 2d 7 0.117091
0 b1 2 1
1 2d 50 0.0361952
0 b1 3 1
0 2d 7 0.0418705
0 b1 4 0
0 b1 5 2
0 2d 7 0.00198823
1 2d 159 0.10187
0 b1 6 1
1 2d 159 0.0485868
0 b1 7 0
0 b1 8 0
0 b1 9 8
0 2d 7 0.206295
1 2d 23 0.00304066
1 2d 81 0.0165625
1 2d 83 0.209602
1 2d 137 0.0280801
1 2d 142 0.136306
1 2d 187 0.209651
1 2d 195 0.0917895
0 b1 10 2
0 2d 7 0.210617
1 2d 81 0.0687675
0 b1 11 0
0 b1 12 2
0 2d 7 0.128468
1 2d 83 0.0447173
0 b1 13 0
0 393 0 1
0 31 7 0.14007
0 393 1 1
0 31 6 0.0246894
0 393 2 0
0 393 3 0
0 393 4 0
0 393 5 1
1 31 94 0.0639977
0 393 6 0
0 393 7 1
0 31 3 0.0888531
0 393 8 0
0 393 9 0
0 393 10 0
0 393 11 1
1 31 151 0.00384597
0 393 12 0
0 393 13 0
0 394 0 0
0 394 1 0
0 394 2 0
0 394 3 0
0 394 4 0
0 394 5 0
0 394 6 0
0 394 7 0
0 394 8 0
0 394 9 0
0 394 10 0
0 394 11 0
0 394 12 0
0 394 13 0
0 3a0 0 0
0 3a0 1 0
0 3a0 2 0
0 3a0 3 4
1 2d 45 0.0453251
1 2d 141 0.142319
1 2d 154 0.0550982
1 2d 155 0.0509196
0 3a0 4 12
0 2d 1 0.0292309
0 2d 3 0.0950661
0 2d 4 0.207116
0 2d 5 0.316916
0 2d 6 0.111339
0 2d 7 0.108277
0 2d 8 0.457803
1 2d 154 0.0923877
1 2d 155 0.310397
1 2d 187 0.105279
1 2d 234 0.202054
1 2d 241 0.116917
0 3a0 5 6
0 2d 4 0.0289917
0 2d 5 0.035194
0 2d 6 0.122699
0 2d 8 0.236413
1 2d 154 0.00669834
1 2d 155 0.137615
0 3a0 6 0
0 3a0 7 0
0 3a0 8 6
0 2d 4 0.0146069
0 2d 6 0.175326
0 2d 8 0.124819
1 2d 154 0.28781
1 2d 155 0.222587
1 2d 241 0.0233795
0 3a0 9 0
0 3a0 10 9
0 2d 4 0.073686
0 2d 5 0.0193954
0 2d 6 0.328502
0 2d 8 0.0195205
1 2d 41 0.095102
1 2d 154 0.201897
1 2d 155 0.316244
1 2d 234 0.0882505
1 2d 241 0.0328703
0 3a0 11 4
0 2d 6 0.00274391
1 2d 45 0.119534
1 2d 154 0.133014
1 2d 155 0.0500689
0 3a0 12 1
1 2d 154 0.112534
0 3a0 13 3
1 2d 39 0.0340678
1 2d 45 0.000115362
1 2d 154 0.0388091
0 3a0 14 0
0 3a0 15 0
0 3a0 16 1
1 31 42 0.119737
0 3a0 17 0
0 3a0 18 0
0 3a0 19 0
0 3a0 20 0
0 3a3 0 0
0 3a3 1 0
0 3a3 2 0
0 3a3 3 0
0 3a3 4 0
0 3a3 5 0
0 3a3 6 0
0 3a3 7 0
0 3a3 8 0
0 3a3 9 0
0 3a3 10 0
0 3a3 11 0
0 3a3 12 0
0 3a3 13 0
0 3a3 14 0
0 3a3 15 1
1 2d 215 0.0601095
0 3a3 16 0
0 3a3 17 2
0 2d 6 0.0334506
1 2d 155 0.0577778
0 3a3 18 0
0 3a3 19 1
1 2d 155 0.130465
0 3a3 20 0
0 3a3 21 0
0 3a3 22 0
0 3a3 23 0
0 3a3 24 7
0 2d 4 0.322166
0 2d 5 0.0890008
0 2d 6 0.243759
0 2d 8 0.157844
1 2d 154 0.0261276
1 2d 155 0.326606
1 2d 234 0.0601382
0 3a3 25 0
0 3a3 26 0
0 3a3 27 0
0 3a3 28 0
0 3a3 29 4
0 2d 2 0.0590131
1 2d 155 0.245905
1 2d 234 0.076649
1 2d 241 0.0464394
0 3a3 30 0
0 3a3 31 0
0 3a3 32 0
0 3a3 33 0
0 3a3 34 0
0 3a3 35 0
0 3a3 36 0
0 3a3 37 0
0 3a3 38 0
0 3a3 39 0
0 3a3 40 0
0 3a3 41 0
0 3a3 42 0
0 3a3 43 0
0 3a3 44 0
0 3a3 45 0
0 3a3 46 1
1 2d 153 0.150493
0 3a3 47 0
0 3a3 48 0
0 3a9 0 0
0 3a9 1 0
0 3a9 2 0
0 3a9 3 0
0 3a9 4 0
0 3a9 5 0
0 3a9 6 0
0 3a9 7 0
0 3a9 8 0
0 3a9 9 0
0 3a9 10 0
0 3a9 11 0
0 3a9 12 0
0 3a9 13 0
0 3b1 0 0
0 3b1 1 0
0 3b1 2 0
0 3b1 3 0
0 3b1 4 0
0 3b1 5 0
0 3b1 6 0
0 3b1 7 0
0 3b1 8 0
0 3b1 9 0
0 3b1 10 0
0 3b1 11 0
0 3b1 12 0
0 3b1 13 0
0 3b1 14 0
0 3b1 15 0
0 3b1 16 0
0 3b2 0 0
0 3b2 1 0
0 3b2 2 0
0 3b2 3 0
0 3b2 4 0
0 3b2 5 0
0 3b2 6 0
0 3b2 7 0
0 3b2 8 0
0 3b2 9 0
0 3b2 10 0
0 3b2 11 0
0 3b3 0 0
0 3b3 1 0
0 3b3 2 0
0 3b3 3 0
0 3b3 4 0
0 3b3 5 0
0 3b3 6 0
0 3b3 7 0
0 3b3 8 0
0 3b3 9 0
0 3b3 10 0
0 3b3 11 0
0 3b3 12 0
0 3b3 13 0
0 3b3 14 0
0 3b4 0 0
0 3b4 1 0
0 3b4 2 0
0 3b4 3 0
0 3b4 4 0
0 3b4 5 0
0 3b4 6 0
0 3b4 7 0
0 3b4 8 0
0 3b4 9 0
0 3b4 10 0
0 3b4 11 0
0 3b4 12 0
0 3b5 0 0
0 3b5 1 0
0 3b5 2 0
0 3b5 3 0
0 3b5 4 0
0 3b5 5 0
0 3b5 6 0
0 3b5 7 0
0 3b5 8 0
0 3b5 9 0
0 3b5 10 0
0 3b5 11 0
0 3b5 12 0
0 3b5 13 0
0 3b5 14 0
0 3b5 15 0
0 3b6 0 0
0 3b6 1 0
0 3b6 2 0
0 3b6 3 0
0 3b6 4 0
0 3b6 5 0
0 3b6 6 0
0 3b6 7 0
0 3b6 8 0
0 3b6 9 0
0 3b6 10 0
0 3b6 11 0
0 3b6 12 0
0 3b6 13 0
0 3b6 14 0
0 3b8 0 0
0 3b8 1 0
0 3b8 2 0
0 3b8 3 0
0 3b8 4 0
0 3b8 5 0
0 3b8 6 0
0 3b8 7 0
0 3b8 8 0
0 3b8 9 0
0 3b8 10 0
0 3b8 11 0
0 3b8 12 0
0 3b8 13 0
0 3bb 0 0
0 3bb 1 0
0 3bb 2 0
0 3bb 3 0
0 3bb 4 0
0 3bb 5 0
0 3bb 6 0
0 3bb 7 0
0 3bb 8 0
0 3bb 9 0
0 3bb 10 0
0 3bb 11 0
0 3bb 12 0
0 3bb 13 0
0 3bc 0 0
0 3bc 1 0
0 3bc 2 0
0 3bc 3 0
0 3bc 4 0
0 3bc 5 0
0 3bc 6 0
0 3bc 7 0
0 3bc 8 0
0 3bc 9 0
0 3bc 10 0
0 3bc 11 0
0 3bc 12 0
0 3bc 13 0
0 3be 0 0
0 3be 1 0
0 3c0 0 0
0 3c0 1 0
0 3c0 2 0
0 3c0 3 0
0 3c0 4 0
0 3c0 5 0
0 3c0 6 0
0 3c0 7 0
0 3c0 8 0
0 3c0 9 0
0 3c0 10 0
0 3c0 11 0
0 3c0 12 0
0 3c0 13 0
0 3c0 14 0
0 3c1 0 0
0 3c1 1 0
0 3c1 2 0
0 3c1 3 0
0 3c1 4 0
0 3c1 5 0
0 3c1 6 0
0 3c1 7 0
0 3c1 8 0
0 3c1 9 0
0 3c1 10 0
0 3c1 11 0
0 3c1 12 0
0 3c1 13 0
0 3c3 0 0
0 3c3 1 0
0 3c3 2 0
0 3c3 3 0
0 3c3 4 0
0 3c3 5 0
0 3c3 6 0
0 3c3 7 0
0 3c3 8 0
0 3c3 9 0
0 3c3 10 0
0 3c3 11 0
0 3c3 12 0
0 3c3 13 0
0 3c4 0 2
0 2d 7 0.286814
1 2d 187 0.00350744
0 3c4 1 0
0 3c4 2 0
0 3c4 3 13
0 2d 1 0.0462425
0 2d 3 0.162568
0 2d 7 0.179061
0 2d 8 0.16613
1 2d 21 0.00131356
1 2d 23 0.0771616
1 2d 46 0.119285
1 2d 83 0.0502001
1 2d 107 0.0903223
1 2d 137 0.103708
1 2d 142 0.00652496
1 2d 177 0.136668
1 2d 187 0.511356
0 3c4 4 9
0 2d 4 0.16457
0 2d 5 0.207141
0 2d 6 0.502456
0 2d 8 0.163913
1 2d 41 0.0711593
1 2d 154 0.310772
1 2d 155 0.413948
1 2d 234 0.243005
1 2d 241 0.0921246
0 3c4 5 0
0 3c4 6 1
1 2d 81 0.00970896
0 3c4 7 6
0 2d 1 0.011384
1 2d 23 0.312299
1 2d 50 0.163889
1 2d 142 0.066645
1 2d 180 0.146244
1 2d 195 0.439534
0 3c4 8 0
0 3c8 0 0
0 3c8 1 0
0 3c8 2 0
0 3c8 3 0
0 3c8 4 0
0 3c8 5 0
0 3c8 6 0
0 3c8 7 0
0 3c8 8 0
0 3c8 9 0
0 3c8 10 0
0 3c8 11 0
0 3c8 12 0
0 3c8 13 0
0 3c8 14 0
0 2032 0 0
0 2032 1 0
0 2032 2 0
0 2032 3 0
0 2032 4 0
0 2032 5 0
0 2032 6 0
0 2032 7 0
0 2192 0 0
0 2192 1 8
0 2d 1 0.257461
1 2d 21 0.152189
1 2d 23 0.0689704
1 2d 46 0.0721477
1 2d 137 0.0376263
1 2d 155 0.0311056
1 2d 187 0.0514505
1 2d 241 0.0570168
0 2192 2 11
0 2d 1 0.0949481
0 2d 3 0.0520931
0 2d 4 0.0710583
0 2d 5 0.261711
0 2d 6 0.365265
0 2d 8 0.269628
1 2d 137 0.0395702
1 2d 155 0.495025
1 2d 187 0.0388218
1 2d 234 0.278878
1 2d 241 0.36105
0 2192 3 2
0 2d 1 0.118218
1 2d 83 0.139105
0 2192 4 3
0 2d 6 0.0925652
1 2d 155 0.306216
1 2d 234 0.0857652
0 2200 0 0
0 2200 1 0
0 2200 2 0
0 2200 3 0
0 2200 4 0
0 2200 5 0
0 2200 6 0
0 2200 7 0
0 2200 8 0
0 2200 9 0
0 2203 0 0
0 2203 1 0
0 2203 2 0
0 2203 3 0
0 2203 4 0
0 2203 5 0
0 2203 6 0
0 2203 7 0
0 2203 8 0
0 2203 9 0
0 2203 10 0
0 2203 11 0
0 2203 12 0
0 2203 13 0
0 2203 14 0
0 2203 15 0
0 2203 16 1
0 31 23 0.161292
0 2203 17 3
0 31 23 0.0347245
1 31 94 0.045894
1 31 95 0.230831
0 2203 18 0
0 2203 19 0
0 2208 0 0
0 2208 1 0
0 2208 2 0
0 2208 3 0
0 2208 4 0
0 2208 5 0
0 2208 6 0
0 2208 7 0
0 2208 8 0
0 2208 9 0
0 221a 0 0
0 221a 1 0
0 221a 2 0
0 221a 3 0
0 221a 4 0
0 221a 5 0
0 221a 6 0
0 221a 7 0
0 221a 8 0
0 221a 9 0
0 221a 10 0
0 221a 11 0
0 221a 12 0
0 221a 13 0
0 221a 14 0
0 221a 15 0
0 221a 16 0
0 221a 17 0
0 221a 18 0
0 221e 0 0
0 221e 1 0
0 221e 2 0
0 221e 3 0
0 221e 4 0
0 221e 5 0
0 221e 6 0
0 221e 7 0
0 221e 8 0
0 221e 9 0
0 222b 0 0
0 222b 1 0
0 222b 2 0
0 222b 3 0
0 222b 4 0
0 222b 5 0
0 222b 6 0
0 222b 7 0
0 222b 8 0
0 222b 9 0
0 222b 10 0
0 222b 11 0
0 222b 12 0
0 222b 13 0
0 222b 14 0
0 222b 15 0
0 222b 16 0
0 222b 17 0
0 222b 18 0
0 222b 19 0
0 222b 20 0
0 222b 21 0
0 222b 22 0
0 222b 23 0
0 2260 0 1
1 2d 155 0.0334846
0 2260 1 0
0 2260 2 8
0 2d 1 0.00412002
0 2d 5 0.123491
0 2d 6 0.259457
0 2d 8 0.161176
1 2d 154 0.0873939
1 2d 155 0.428746
1 2d 234 0.338249
1 2d 241 0.246764
0 2260 3 0
0 2260 4 7
0 2d 1 0.0591797
0 2d 3 0.0114551
0 2d 7 0.0374453
1 2d 83 0.319854
1 2d 137 0.0819479
1 2d 177 0.0817728
1 2d 187 0.415054
0 2260 5 9
0 2d 1 0.27607
0 2d 7 0.120027
0 2d 8 0.0261241
1 2d 21 0.11175
1 2d 23 0.162856
1 2d 46 0.270719
1 2d 137 0.0971746
1 2d 187 0.159598
1 2d 241 0.120243
0 2260 6 4
0 2d 6 0.138292
1 2d 155 0.301945
1 2d 234 0.0420757
1 2d 241 0.170748
0 2260 7 1
1 2d 83 0.247916
0 2260 8 0
0 2260 9 8
0 2d 4 0.154775
0 2d 5 0.0548267
0 2d 6 0.283284
0 2d 8 0.0568672
1 2d 154 0.2885
1 2d 155 0.568105
1 2d 234 0.268536
1 2d 241 0.184526
0 2260 10 0
0 2260 11 4
0 2d 6 0.312945
1 2d 41 0.0085075
1 2d 154 0.286774
1 2d 155 0.193242
0 2261 0 4
0 2d 4 0.0972756
0 2d 5 0.0664513
1 2d 155 0.0814387
1 2d 234 0.0690685
0 2261 1 8
0 2d 4 0.0248821
0 2d 5 0.150892
0 2d 6 0.124722
0 2d 8 0.0421427
1 2d 154 0.0364816
1 2d 155 0.276529
1 2d 234 0.106843
1 2d 241 0.13494
0 2261 2 0
0 2261 3 6
0 2d 4 0.0813231
0 2d 6 0.247556
1 2d 19 0.0498418
1 2d 154 0.105688
1 2d 155 0.38656
1 2d 234 0.107631
0 2261 4 8
0 2d 3 0.231635
0 2d 4 0.175123
0 2d 5 0.468218
0 2d 6 0.162634
0 2d 8 0.314778
1 2d 155 0.184784
1 2d 234 0.474377
1 2d 241 0.140212
0 2261 5 1
1 2d 154 0.1139
0 2261 6 1
1 2d 19 0.351289
0 2264 0 0
0 2264 1 0
0 2264 2 0
0 2264 3 0
0 2264 4 0
0 2264 5 0
0 2264 6 0
0 2264 7 0
0 2264 8 0
0 2264 9 0
0 2264 10 0
0 2264 11 0
0 2264 12 0
0 2264 13 0
0 2264 14 0
0 2264 15 0
0 2265 0 0
0 2265 1 0
0 2265 2 0
0 2265 3 0
0 2265 4 0
0 2265 5 0
0 2265 6 0
0 2265 7 0
0 2265 8 0
0 2265 9 0
0 2265 10 0
0 2265 11 0
0 2265 12 0
0 2265 13 0
0 2265 14 0
0 2265 15 0
0 2265 16 0
1 3 0 0
1 28 0 0
1 28 1 0
1 28 2 0
1 28 3 0
1 28 4 0
1 28 5 0
1 28 6 0
1 28 7 0
1 28 8 0
1 28 9 0
1 28 10 0
1 28 11 0
1 28 12 0
1 28 13 0
1 28 14 0
1 28 15 0
1 28 16 0
1 28 17 0
1 28 18 0
1 28 19 0
1 28 20 0
1 28 21 0
1 28 22 0
1 28 23 0
1 28 24 0
1 28 25 0
1 28 26 0
1 28 27 0
1 28 28 0
1 28 29 0
1 28 30 0
1 28 31 0
1 28 32 0
1 28 33 0
1 28 34 0
1 28 35 0
1 28 36 0
1 28 37 0
1 28 38 0
1 28 39 0
1 28 40 0
1 28 41 0
1 28 42 0
1 28 43 0
1 28 44 0
1 28 45 0
1 28 46 0
1 28 47 0
1 28 48 0
1 28 49 0
1 28 50 0
1 28 51 0
1 28 52 0
1 28 53 0
1 28 54 0
1 28 55 0
1 28 56 0
1 28 57 0
1 28 58 0
1 28 59 0
1 28 60 0
1 28 61 0
1 28 62 0
1 28 63 0
1 28 64 0
1 28 65 0
1 28 66 0
1 28 67 0
1 28 68 0
1 28 69 0
1 28 70 0
1 28 71 0
1 28 72 0
1 28 73 0
1 28 74 0
1 29 0 0
1 29 1 0
1 29 2 0
1 29 3 0
1 29 4 0
1 29 5 0
1 29 6 0
1 29 7 0
1 29 8 0
1 29 9 0
1 29 10 0
1 29 11 0
1 29 12 0
1 29 13 0
1 29 14 0
1 29 15 0
1 29 16 0
1 29 17 0
1 29 18 0
1 29 19 0
1 29 20 0
1 29 21 0
1 29 22 0
1 29 23 0
1 29 24 0
1 29 25 0
1 29 26 0
1 29 27 0
1 29 28 0
1 29 29 0
1 29 30 0
1 29 31 0
1 29 32 0
1 29 33 0
1 29 34 0
1 29 35 0
1 29 36 0
1 29 37 0
1 29 38 0
1 29 39 0
1 29 40 0
1 29 41 0
1 29 42 0
1 29 43 0
1 29 44 0
1 29 45 0
1 29 46 0
1 29 47 0
1 29 48 0
1 29 49 0
1 29 50 0
1 29 51 0
1 29 52 0
1 29 53 0
1 29 54 0
1 29 55 0
1 29 56 0
1 29 57 0
1 29 58 0
1 29 59 0
1 29 60 0
1 29 61 0
1 29 62 0
1 29 63 0
1 29 64 0
1 29 65 0
1 29 66 0
1 29 67 0
1 29 68 0
1 29 69 0
1 29 70 0
1 29 71 0
1 29 72 0
1 29 73 0
1 29 74 0
1 2b 0 3
1 2d 10 0.0520518
1 2d 143 0.167745
1 2d 186 0.231499
1 2b 1 0
1 2b 2 1
1 2d 99 0.0688422
1 2b 3 0
1 2b 4 0
1 2b 5 0
1 2b 6 1
1 2d 146 0.164061
1 2b 7 0
1 2b 8 3
0 31 4 0.0247632
0 31 8 0.0121571
1 31 21 0.059561
1 2b 9 0
1 2b 10 0
1 2b 11 0
1 2b 12 0
1 2b 13 0
1 2b 14 0
1 2b 15 0
1 2b 16 0
1 2b 17 0
1 2b 18 0
1 2b 19 0
1 2b 20 0
1 2b 21 0
1 2b 22 0
1 2b 23 0
1 2b 24 0
1 2b 25 0
1 2b 26 0
1 2b 27 0
1 2b 28 0
1 2b 29 0
1 2b 30 1
1 2d 9 0.113383
1 2b 31 0
1 2b 32 0
1 2b 33 2
1 2d 10 0.00339217
1 2d 143 0.0762935
1 2b 34 0
1 2b 35 0
1 2b 36 0
1 2b 37 0
1 2b 38 2
1 31 7 0.160167
1 31 39 0.221906
1 2b 39 0
1 2b 40 8
0 31 0 0.192014
0 31 1 0.0759499
0 31 2 0.0211591
0 31 3 0.270306
0 31 6 0.058487
0 31 7 0.175271
0 31 8 0.0114742
1 31 21 0.0232858
1 2b 41 8
0 31 3 0.136677
0 31 9 0.176508
1 31 1 0.215506
1 31 31 0.0323414
1 31 37 0.263812
1 31 43 0.163551
1 31 88 0.0861106
1 31 118 0.112839
1 2b 42 0
1 2b 43 0
1 2b 44 0
1 2b 45 0
1 2b 46 0
1 2b 47 0
1 2b 48 0
1 2b 49 0
1 2b 50 0
1 2b 51 0
1 2b 52 0
1 2b 53 0
1 2b 54 0
1 2b 55 0
1 2b 56 0
1 2b 57 0
1 2b 58 2
1 2d 27 0.0595311
1 2d 183 0.0875458
1 2b 59 0
1 2b 60 0
1 2b 61 0
1 2b 62 0
1 2b 63 0
1 2b 64 0
1 2b 65 0
1 2b 66 3
1 31 1 0.130744
1 31 37 0.0649847
1 31 88 0.0168888
1 2b 67 0
1 2b 68 0
1 2b 69 0
1 2b 70 0
1 2b 71 0
1 2b 72 0
1 2b 73 0
1 2b 74 6
0 31 0 0.116147
0 31 1 0.108838
0 31 5 0.111898
0 31 7 0.0888317
0 31 8 0.00440234
0 31 16 0.00986568
1 2b 75 7
0 31 0 0.0671543
0 31 3 0.0229929
0 31 7 0.150034
0 31 8 0.200886
1 31 21 0.176574
1 31 84 0.195971
1 31 114 0.00212517
1 2b 76 3
0 31 9 0.132572
1 31 1 0.172148
1 31 37 0.013669
1 2b 77 0
1 2b 78 0
1 2b 79 0
1 2b 80 8
0 31 0 0.0145201
0 31 9 0.310236
0 31 11 0.0834959
1 31 1 0.200421
1 31 13 0.194682
1 31 37 0.215898
1 31 87 0.14429
1 31 88 0.171828
1 2b 81 0
1 2b 82 2
0 31 5 0.0913661
1 31 71 0.045637
1 2b 83 3
0 31 11 0.0469416
1 31 1 0.358133
1 31 37 0.0761972
1 2b 84 2
1 31 1 0.235929
1 31 37 0.246259
1 2b 85 3
0 31 7 0.150546
0 31 8 0.363404
1 31 21 0.0239896
1 2b 86 3
0 31 0 0.0901426
1 31 7 0.055772
1 31 71 0.13944
1 2b 87 8
0 2d 3 0.190917
0 2d 4 0.0462031
0 2d 5 0.132127
0 2d 8 0.0309287
1 2d 21 0.0158206
1 2d 46 0.0717838
1 2d 234 0.178979
1 2d 241 0.242892
1 2b 88 6
0 2d 3 0.108904
0 2d 5 0.112747
0 2d 7 0.0361575
1 2d 23 0.147602
1 2d 46 0.00838395
1 2d 234 0.0859726
1 2b 89 10
0 2d 1 0.203737
0 2d 3 0.0453761
0 2d 5 0.0720308
1 2d 21 0.316307
1 2d 23 0.0952118
1 2d 46 0.09137
1 2d 79 0.213258
1 2d 153 0.0217589
1 2d 234 0.17893
1 2d 241 0.0879421
1 2b 90 0
1 2b 91 0
1 2b 92 0
1 2b 93 0
1 2b 94 0
1 2b 95 0
1 2b 96 0
1 2b 97 0
1 2b 98 0
1 2b 99 0
1 2b 100 0
1 2b 101 0
1 2b 102 0
1 2b 103 0
1 2b 104 0
1 2b 105 0
1 2b 106 0
1 2b 107 0
1 2b 108 0
1 2b 109 0
1 2b 110 0
1 2b 111 0
1 2b 112 0
1 2b 113 0
1 2b 114 0
1 2b 115 0
1 2b 116 0
1 2b 117 0
1 2b 118 0
1 2b 119 0
1 2b 120 6
0 31 1 0.047206
0 31 3 0.0686215
0 31 6 0.0951589
0 31 8 0.082384
0 31 16 0.0586903
1 31 21 0.000595845
1 2b 121 0
1 2b 122 0
1 2b 123 0
1 2b 124 0
1 2b 125 0
1 2b 126 1
1 2d 83 0.163382
1 2b 127 0
1 2b 128 2
1 2d 16 0.327553
1 2d 19 0.0556933
1 2b 129 4
1 2d 23 0.0614225
1 2d 153 0.190192
1 2d 159 0.00295258
1 2d 180 0.0262947
1 2b 130 1
1 2d 45 0.0544022
1 2b 131 6
1 2d 18 0.04119
1 2d 23 0.266134
1 2d 79 0.0357263
1 2d 153 0.191702
1 2d 180 0.0608133
1 2d 195 0.0852536
1 2b 132 0
1 2b 133 0
1 2b 134 0
1 2b 135 0
1 2b 136 1
1 2d 88 0.0118218
1 2b 137 0
1 2b 138 7
0 2d 4 0.226011
0 2d 5 0.156523
0 2d 6 0.108802
0 2d 8 0.29797
1 2d 154 0.348005
1 2d 155 0.104088
1 2d 241 0.00745747
1 2b 139 0
1 2b 140 0
1 2b 141 0
1 2b 142 0
1 2b 143 0
1 2b 144 0
1 2b 145 0
1 2b 146 0
1 2b 147 0
1 2b 148 0
1 2b 149 0
1 2b 150 0
1 2b 151 0
1 2b 152 0
1 2b 153 0
1 2b 154 0
1 2b 155 6
0 2d 1 0.0434222
1 2d 16 0.146426
1 2d 21 0.343187
1 2d 23 0.0659608
1 2d 46 0.0304778
1 2d 241 0.137518
1 2b 156 0
1 2b 157 0
1 2b 158 0
1 2b 159 0
1 2b 160 0
1 2b 161 1
1 2d 67 0.0341064
1 2b 162 0
1 2b 163 0
1 2b 164 0
1 2b 165 4
1 2d 18 0.0348664
1 2d 79 0.00377328
1 2d 140 0.129702
1 2d 195 0.0983211
1 2b 166 0
1 2b 167 0
1 2b 168 1
1 2d 186 0.0740848
1 2b 169 0
1 2b 170 5
1 2d 23 0.258213
1 2d 50 0.234415
1 2d 61 0.110248
1 2d 142 0.00307018
1 2d 195 0.307634
1 2b 171 0
1 2b 172 0
1 2b 173 2
1 2d 179 0.38756
1 2d 184 0.154808
1 2b 174 0
1 2b 175 3
1 2d 61 0.0595537
1 2d 179 0.0657861
1 2d 185 0.0164145
1 2b 176 0
1 2b 177 2
1 2d 79 0.0125061
1 2d 85 0.00672877
1 2b 178 0
1 2b 179 0
1 2b 180 0
1 2b 181 0
1 2b 182 0
1 2b 183 2
1 2d 61 0.00898957
1 2d 194 0.104014
1 2b 184 0
1 2b 185 9
0 2d 1 0.0980359
0 2d 7 0.00606127
1 2d 21 0.03534
1 2d 23 0.362914
1 2d 50 0.122536
1 2d 137 0.187939
1 2d 142 0.0849869
1 2d 177 0.0585044
1 2d 187 0.277203
1 2b 186 0
1 2b 187 0
1 2b 188 0
1 2b 189 0
1 2b 190 0
1 2b 191 1
1 2d 159 0.16082
1 2b 192 1
1 2d 111 0.0459903
1 2b 193 0
1 2b 194 0
1 2b 195 0
1 2b 196 0
1 2b 197 0
1 2b 198 0
1 2b 199 0
1 2b 200 1
1 2d 81 0.0801391
1 2b 201 1
1 2d 164 0.0574445
1 2b 202 0
1 2b 203 0
1 2b 204 0
1 2b 205 0
1 2b 206 0
1 2b 207 0
1 2b 208 3
1 2d 61 0.0662149
1 2d 131 0.208712
1 2d 195 0.260634
1 2b 209 7
0 2d 3 0.423071
0 2d 4 0.255244
0 2d 5 0.422225
0 2d 8 0.155914
1 2d 177 0.00955598
1 2d 187 0.0948317
1 2d 234 0.182481
1 2b 210 1
1 2d 49 0.192461
1 2b 211 2
1 2d 45 0.0532923
1 2d 141 0.0519385
1 2b 212 2
1 2d 21 0.110659
1 2d 79 0.156376
1 2b 213 4
0 2d 7 0.217171
1 2d 23 0.0909899
1 2d 83 0.268768
1 2d 187 0.242595
1 2b 214 2
0 2d 4 0.0110386
1 2d 154 0.0327524
1 2b 215 0
1 2b 216 0
1 2b 217 0
1 2b 218 0
1 2b 219 0
1 2b 220 2
1 2d 99 0.147608
1 2d 180 0.0917213
1 2b 221 0
1 2b 222 0
1 2b 223 0
1 2b 224 0
1 2b 225 0
1 2b 226 0
1 2b 227 0
1 2b 228 0
1 2b 229 0
1 2b 230 7
0 2d 1 0.113043
0 2d 5 0.0167596
0 2d 6 0.0668972
1 2d 154 0.223154
1 2d 155 0.232468
1 2d 234 0.00261092
1 2d 241 0.223977
1 2b 231 0
1 2b 232 0
1 2b 233 0
1 2b 234 0
1 2b 235 0
1 2b 236 0
1 2b 237 0
1 2b 238 0
1 2b 239 0
1 2b 240 0
1 2b 241 0
1 2b 242 0
1 2b 243 0
1 2b 244 0
1 2b 245 0
1 2b 246 0
1 2b 247 0
1 2b 248 0
1 2b 249 0
1 2b 250 0
1 2b 251 0
1 2b 252 0
1 2b 253 0
1 2b 254 0
1 2b 255 0
1 2b 256 0
1 2b 257 0
1 2b 258 0
1 2b 259 0
1 2b 260 0
1 2b 261 0
1 2b 262 0
1 2b 263 0
1 2b 264 0
1 2b 265 3
1 2d 23 0.314219
1 2d 131 0.159141
1 2d 195 0.0672463
1 2b 266 0
1 2b 267 4
1 2d 23 0.119656
1 2d 50 0.225419
1 2d 61 0.0482644
1 2d 195 0.3827
1 2b 268 0
1 2b 269 0
1 2b 270 0
1 2b 271 9
0 2d 7 0.331308
1 2d 23 0.111814
1 2d 81 0.0849217
1 2d 83 0.135295
1 2d 131 0.00219822
1 2d 137 0.0427782
1 2d 142 0.0125684
1 2d 177 0.0793635
1 2d 187 0.269738
1 2b 272 3
1 2d 10 0.122398
1 2d 136 0.570027
1 2d 181 0.0608721
1 2b 273 8
1 2d 23 0.00535286
1 2d 50 0.179342
1 2d 61 0.196317
1 2d 135 0.049379
1 2d 140 0.0349066
1 2d 171 0.0968784
1 2d 180 0.221926
1 2d 195 0.238727
1 2b 274 7
1 2d 61 0.138706
1 2d 99 0.110004
1 2d 135 0.140986
1 2d 148 0.256393
1 2d 181 0.096153
1 2d 185 0.116348
1 2d 186 0.119762
1 2b 275 3
1 2d 181 0.248051
1 2d 183 0.180015
1 2d 185 0.140697
1 2b 276 4
1 2d 179 0.158221
1 2d 184 0.173862
1 2d 185 0.298366
1 2d 186 0.103653
1 2b 277 0
1 2b 278 1
1 2d 171 0.0166775
1 2b 279 3
1 2d 50 0.148348
1 2d 61 0.410641
1 2d 195 0.0248907
1 2b 280 3
1 2d 10 0.238121
1 2d 99 0.0270968
1 2d 185 0.0992288
1 2b 281 0
1 2b 282 0
1 2b 283 0
1 2b 284 0
1 2b 285 0
1 2b 286 0
1 2b 287 1
1 2d 135 0.0498654
1 2b 288 0
1 2b 289 0
1 2b 290 0
1 2b 291 0
1 2b 292 0
1 2b 293 0
1 2b 294 0
1 2b 295 0
1 2b 296 0
1 2b 297 0
1 2b 298 0
1 2b 299 0
1 2b 300 0
1 2b 301 0
1 2b 302 0
1 2b 303 0
1 2b 304 0
1 2b 305 0
1 2b 306 0
1 2b 307 0
1 2b 308 0
1 2b 309 0
1 2b 310 0
1 2b 311 0
1 2b 312 0
1 2b 313 0
1 2b 314 0
1 2b 315 0
1 2b 316 0
1 2b 317 0
1 2b 318 0
1 2b 319 0
1 2b 320 0
1 2b 321 0
1 2b 322 7
0 2d 1 0.213113
1 2d 21 0.175952
1 2d 23 0.139459
1 2d 50 0.0343903
1 2d 107 0.159736
1 2d 137 0.195216
1 2d 177 0.104837
1 2b 323 0
1 2b 324 0
1 2b 325 0
1 2b 326 0
1 2b 327 0
1 2b 328 0
1 2b 329 0
1 2b 330 0
1 2b 331 0
1 2b 332 0
1 2b 333 0
1 2b 334 0
1 2b 335 0
1 2b 336 0
1 2b 337 0
1 2b 338 0
1 2b 339 0
1 2b 340 0
1 2b 341 0
1 2b 342 0
1 2b 343 0
1 2b 344 0
1 2b 345 0
1 2b 346 0
1 2b 347 4
1 2d 23 0.130182
1 2d 61 0.0779836
1 2d 131 0.0448201
1 2d 171 0.0098076
1 2b 348 0
1 2b 349 0
1 2b 350 0
1 2b 351 0
1 2b 352 0
1 2b 353 0
1 2b 354 0
1 2b 355 0
1 2b 356 0
1 2b 357 0
1 2b 358 0
1 2b 359 0
1 2b 360 0
1 2b 361 0
1 2b 362 0
1 2b 363 0
1 2b 364 0
1 2b 365 0
1 2b 366 0
1 2b 367 0
1 2b 368 0
1 2b 369 0
1 2b 370 0
1 2b 371 0
1 2b 372 0
1 2b 373 0
1 2b 374 0
1 2b 375 0
1 2b 376 0
1 2b 377 0
1 2b 378 0
1 2b 379 0
1 2b 380 0
1 2b 381 0
1 2b 382 0
1 2b 383 0
1 2b 384 0
1 2b 385 0
1 2b 386 0
1 2b 387 0
1 2b 388 0
1 2b 389 0
1 2b 390 0
1 2b 391 0
1 2b 392 0
1 2b 393 0
1 2b 394 0
1 2b 395 0
1 2b 396 0
1 2b 397 0
1 2b 398 0
1 2b 399 0
1 2b 400 0
1 2b 401 0
1 2b 402 0
1 2b 403 0
1 2b 404 0
1 2b 405 0
1 2b 406 0
1 2b 407 0
1 2b 408 0
1 2b 409 0
1 2b 410 0
1 2b 411 0
1 2d 0 0
1 2d 1 0
1 2d 2 0
1 2d 3 0
1 2d 4 0
1 2d 5 0
1 2d 6 0
1 2d 7 0
1 2d 8 0
1 2d 9 0
1 2d 10 0
1 2d 11 0
1 2d 12 0
1 2d 13 0
1 2d 14 0
1 2d 15 0
1 2d 16 0
1 2d 17 0
1 2d 18 0
1 2d 19 0
1 2d 20 0
1 2d 21 0
1 2d 22 0
1 2d 23 0
1 2d 24 0
1 2d 25 0
1 2d 26 0
1 2d 27 0
1 2d 28 0
1 2d 29 0
1 2d 30 0
1 2d 31 0
1 2d 32 0
1 2d 33 0
1 2d 34 0
1 2d 35 0
1 2d 36 0
1 2d 37 0
1 2d 38 0
1 2d 39 0
1 2d 40 0
1 2d 41 0
1 2d 42 0
1 2d 43 0
1 2d 44 0
1 2d 45 0
1 2d 46 0
1 2d 47 0
1 2d 48 0
1 2d 49 0
1 2d 50 0
1 2d 51 0
1 2d 52 0
1 2d 53 0
1 2d 54 0
1 2d 55 0
1 2d 56 0
1 2d 57 0
1 2d 58 0
1 2d 59 0
1 2d 60 0
1 2d 61 0
1 2d 62 0
1 2d 63 0
1 2d 64 0
1 2d 65 0
1 2d 66 0
1 2d 67 0
1 2d 68 0
1 2d 69 0
1 2d 70 0
1 2d 71 0
1 2d 72 0
1 2d 73 0
1 2d 74 0
1 2d 75 0
1 2d 76 0
1 2d 77 0
1 2d 78 0
1 2d 79 0
1 2d 80 0
1 2d 81 0
1 2d 82 0
1 2d 83 0
1 2d 84 0
1 2d 85 0
1 2d 86 0
1 2d 87 0
1 2d 88 0
1 2d 89 0
1 2d 90 0
1 2d 91 0
1 2d 92 0
1 2d 93 0
1 2d 94 0
1 2d 95 0
1 2d 96 0
1 2d 97 0
1 2d 98 0
1 2d 99 0
1 2d 100 0
1 2d 101 0
1 2d 102 0
1 2d 103 0
1 2d 104 0
1 2d 105 0
1 2d 106 0
1 2d 107 0
1 2d 108 0
1 2d 109 0
1 2d 110 0
1 2d 111 0
1 2d 112 0
1 2d 113 0
1 2d 114 0
1 2d 115 0
1 2d 116 0
1 2d 117 0
1 2d 118 0
1 2d 119 0
1 2d 120 0
1 2d 121 0
1 2d 122 0
1 2d 123 0
1 2d 124 0
1 2d 125 0
1 2d 126 0
1 2d 127 0
1 2d 128 0
1 2d 129 0
1 2d 130 0
1 2d 131 0
1 2d 132 0
1 2d 133 0
1 2d 134 0
1 2d 135 0
1 2d 136 0
1 2d 137 0
1 2d 138 0
1 2d 139 0
1 2d 140 0
1 2d 141 0
1 2d 142 0
1 2d 143 0
1 2d 144 0
1 2d 145 0
1 2d 146 0
1 2d 147 0
1 2d 148 0
1 2d 149 0
1 2d 150 0
1 2d 151 0
1 2d 152 0
1 2d 153 0
1 2d 154 0
1 2d 155 0
1 2d 156 0
1 2d 157 0
1 2d 158 0
1 2d 159 0
1 2d 160 0
1 2d 161 0
1 2d 162 0
1 2d 163 0
1 2d 164 0
1 2d 165 0
1 2d 166 0
1 2d 167 0
1 2d 168 0
1 2d 169 0
1 2d 170 0
1 2d 171 0
1 2d 172 0
1 2d 173 0
1 2d 174 0
1 2d 175 0
1 2d 176 0
1 2d 177 0
1 2d 178 0
1 2d 179 0
1 2d 180 0
1 2d 181 0
1 2d 182 0
1 2d 183 0
1 2d 184 0
1 2d 185 0
1 2d 186 0
1 2d 187 0
1 2d 188 0
1 2d 189 0
1 2d 190 0
1 2d 191 0
1 2d 192 0
1 2d 193 0
1 2d 194 0
1 2d 195 0
1 2d 196 0
1 2d 197 0
1 2d 198 0
1 2d 199 0
1 2d 200 0
1 2d 201 0
1 2d 202 0
1 2d 203 0
1 2d 204 0
1 2d 205 0
1 2d 206 0
1 2d 207 0
1 2d 208 0
1 2d 209 0
1 2d 210 0
1 2d 211 0
1 2d 212 0
1 2d 213 0
1 2d 214 0
1 2d 215 0
1 2d 216 0
1 2d 217 0
1 2d 218 0
1 2d 219 0
1 2d 220 0
1 2d 221 0
1 2d 222 0
1 2d 223 0
1 2d 224 0
1 2d 225 0
1 2d 226 0
1 2d 227 0
1 2d 228 0
1 2d 229 0
1 2d 230 0
1 2d 231 0
1 2d 232 0
1 2d 233 0
1 2d 234 0
1 2d 235 0
1 2d 236 0
1 2d 237 0
1 2d 238 0
1 2d 239 0
1 2d 240 0
1 2d 241 0
1 2d 242 0
1 2d 243 0
1 2d 244 0
1 2d 245 0
1 2d 246 0
1 2d 247 0
1 2d 248 0
1 2d 249 0
1 2d 250 0
1 2d 251 0
1 2d 252 0
1 2d 253 0
1 2d 254 0
1 2d 255 0
1 2d 256 0
1 2d 257 0
1 2d 258 0
1 2d 259 0
1 2d 260 0
1 2d 261 0
1 2d 262 0
1 2d 263 0
1 2d 264 0
1 2d 265 0
1 2d 266 0
1 2d 267 0
1 2d 268 0
1 2d 269 0
1 2d 270 0
1 2d 271 0
1 2d 272 0
1 2d 273 0
1 2d 274 0
1 2d 275 0
1 2d 276 0
1 2d 277 0
1 2d 278 0
1 2d 279 0
1 2d 280 0
1 2d 281 0
1 2d 282 0
1 2d 283 0
1 2d 284 0
1 2d 285 0
1 2d 286 0
1 2d 287 0
1 2d 288 0
1 2d 289 0
1 2d 290 0
1 2d 291 0
1 2d 292 0
1 2d 293 0
1 2d 294 0
1 2d 295 0
1 2d 296 0
1 2d 297 0
1 2d 298 0
1 2d 299 0
1 2d 300 0
1 2d 301 0
1 2d 302 0
1 2d 303 0
1 2d 304 0
1 2d 305 0
1 2d 306 0
1 2d 307 0
1 2d 308 0
1 2d 309 0
1 2d 310 0
1 2d 311 0
1 2d 312 0
1 2d 313 0
1 2d 314 0
1 2d 315 0
1 2d 316 0
1 2d 317 0
1 30 0 0
1 30 1 0
1 30 2 0
1 30 3 0
1 30 4 0
1 30 5 0
1 30 6 0
1 30 7 0
1 30 8 0
1 30 9 0
1 30 10 0
1 30 11 0
1 30 12 0
1 30 13 0
1 30 14 0
1 30 15 0
1 30 16 0
1 30 17 0
1 30 18 0
1 30 19 0
1 30 20 0
1 30 21 0
1 30 22 0
1 30 23 0
1 30 24 0
1 30 25 0
1 30 26 0
1 30 27 0
1 30 28 0
1 30 29 0
1 30 30 0
1 30 31 0
1 30 32 0
1 30 33 0
1 30 34 0
1 31 0 0
1 31 1 0
1 31 2 0
1 31 3 0
1 31 4 0
1 31 5 0
1 31 6 0
1 31 7 0
1 31 8 0
1 31 9 0
1 31 10 0
1 31 11 0
1 31 12 0
1 31 13 0
1 31 14 0
1 31 15 0
1 31 16 0
1 31 17 0
1 31 18 0
1 31 19 0
1 31 20 0
1 31 21 0
1 31 22 0
1 31 23 0
1 31 24 0
1 31 25 0
1 31 26 0
1 31 27 0
1 31 28 0
1 31 29 0
1 31 30 0
1 31 31 0
1 31 32 0
1 31 33 0
1 31 34 0
1 31 35 0
1 31 36 0
1 31 37 0
1 31 38 0
1 31 39 0
1 31 40 0
1 31 41 0
1 31 42 0
1 31 43 0
1 31 44 0
1 31 45 0
1 31 46 0
1 31 47 0
1 31 48 0
1 31 49 0
1 31 50 0
1 31 51 0
1 31 52 0
1 31 53 0
1 31 54 0
1 31 55 0
1 31 56 0
1 31 57 0
1 31 58 0
1 31 59 0
1 31 60 0
1 31 61 0
1 31 62 0
1 31 63 0
1 31 64 0
1 31 65 0
1 31 66 0
1 31 67 0
1 31 68 0
1 31 69 0
1 31 70 0
1 31 71 0
1 31 72 0
1 31 73 0
1 31 74 0
1 31 75 0
1 31 76 0
1 31 77 0
1 31 78 0
1 31 79 0
1 31 80 0
1 31 81 0
1 31 82 0
1 31 83 0
1 31 84 0
1 31 85 0
1 31 86 0
1 31 87 0
1 31 88 0
1 31 89 0
1 31 90 0
1 31 91 0
1 31 92 0
1 31 93 0
1 31 94 0
1 31 95 0
1 31 96 0
1 31 97 0
1 31 98 0
1 31 99 0
1 31 100 0
1 31 101 0
1 31 102 0
1 31 103 0
1 31 104 0
1 31 105 0
1 31 106 0
1 31 107 0
1 31 108 0
1 31 109 0
1 31 110 0
1 31 111 0
1 31 112 0
1 31 113 0
1 31 114 0
1 31 115 0
1 31 116 0
1 31 117 0
1 31 118 0
1 31 119 0
1 31 120 0
1 31 121 0
1 31 122 0
1 31 123 0
1 31 124 0
1 31 125 0
1 31 126 0
1 31 127 0
1 31 128 0
1 31 129 0
1 31 130 0
1 31 131 0
1 31 132 0
1 31 133 0
1 31 134 0
1 31 135 0
1 31 136 0
1 31 137 0
1 31 138 0
1 31 139 0
1 31 140 0
1 31 141 0
1 31 142 0
1 31 143 0
1 31 144 0
1 31 145 0
1 31 146 0
1 31 147 0
1 31 148 0
1 31 149 0
1 31 150 0
1 31 151 0
1 31 152 0
1 31 153 0
1 31 154 0
1 31 155 0
1 31 156 0
1 31 157 0
1 31 158 0
1 31 159 0
1 31 160 0
1 31 161 0
1 31 162 0
1 31 163 0
1 31 164 0
1 31 165 0
1 31 166 0
1 31 167 0
1 31 168 0
1 31 169 0
1 31 170 0
1 31 171 0
1 31 172 0
1 31 173 0
1 31 174 0
1 31 175 0
1 31 176 0
1 31 177 0
1 31 178 0
1 31 179 0
1 31 180 0
1 31 181 0
1 31 182 0
1 31 183 0
1 31 184 0
1 31 185 0
1 31 186 0
1 31 187 0
1 31 188 0
1 31 189 0
1 31 190 0
1 31 191 0
1 31 192 0
1 31 193 0
1 31 194 0
1 31 195 0
1 31 196 0
1 31 197 0
1 31 198 0
1 31 199 0
1 31 200 0
1 31 201 0
1 31 202 0
1 31 203 0
1 31 204 0
1 31 205 0
1 31 206 0
1 31 207 0
1 31 208 0
1 31 209 0
1 31 210 0
1 31 211 0
1 31 212 0
1 31 213 0
1 31 214 0
1 31 215 0
1 31 216 0
1 31 217 0
1 31 218 0
1 31 219 0
1 31 220 0
1 31 221 0
1 31 222 0
1 32 0 0
1 32 1 0
1 32 2 0
1 32 3 0
1 32 4 0
1 32 5 0
1 32 6 0
1 32 7 0
1 32 8 0
1 32 9 0
1 32 10 0
1 32 11 0
1 32 12 0
1 32 13 0
1 32 14 0
1 32 15 0
1 32 16 0
1 32 17 0
1 32 18 0
1 32 19 0
1 32 20 0
1 32 21 0
1 32 22 0
1 32 23 0
1 32 24 0
1 32 25 0
1 32 26 0
1 32 27 0
1 32 28 0
1 32 29 0
1 32 30 0
1 32 31 0
1 32 32 0
1 32 33 0
1 32 34 0
1 32 35 0
1 32 36 0
1 32 37 0
1 32 38 0
1 32 39 0
1 32 40 0
1 32 41 0
1 32 42 0
1 32 43 0
1 32 44 0
1 32 45 0
1 32 46 0
1 32 47 0
1 32 48 0
1 32 49 0
1 32 50 0
1 32 51 0
1 32 52 0
1 32 53 0
1 32 54 0
1 32 55 0
1 32 56 0
1 32 57 0
1 32 58 0
1 32 59 0
1 32 60 0
1 32 61 0
1 32 62 0
1 32 63 0
1 32 64 0
1 32 65 0
1 32 66 0
1 32 67 0
1 32 68 0
1 32 69 0
1 32 70 0
1 32 71 0
1 32 72 0
1 32 73 0
1 32 74 0
1 32 75 0
1 32 76 0
1 32 77 0
1 32 78 0
1 32 79 0
1 32 80 0
1 32 81 0
1 32 82 0
1 32 83 0
1 32 84 0
1 32 85 0
1 32 86 0
1 32 87 0
1 32 88 0
1 32 89 0
1 32 90 0
1 32 91 0
1 32 92 0
1 32 93 0
1 32 94 0
1 32 95 0
1 32 96 0
1 32 97 0
1 32 98 0
1 32 99 0
1 32 100 0
1 32 101 0
1 32 102 0
1 32 103 0
1 32 104 0
1 32 105 0
1 32 106 0
1 32 107 0
1 32 108 0
1 32 109 0
1 32 110 0
1 32 111 0
1 32 112 0
1 32 113 0
1 32 114 0
1 32 115 0
1 32 116 0
1 32 117 0
1 32 118 0
1 32 119 0
1 32 120 0
1 32 121 0
1 32 122 0
1 32 123 0
1 32 124 0
1 32 125 0
1 32 126 0
1 32 127 0
1 32 128 0
1 32 129 0
1 32 130 0
1 32 131 0
1 32 132 0
1 32 133 0
1 32 134 0
1 32 135 0
1 32 136 0
1 32 137 0
1 32 138 0
1 32 139 0
1 32 140 0
1 32 141 0
1 32 142 0
1 32 143 0
1 32 144 0
1 32 145 0
1 32 146 0
1 32 147 0
1 32 148 0
1 32 149 0
1 32 150 0
1 32 151 0
1 32 152 0
1 32 153 0
1 32 154 0
1 32 155 0
1 32 156 0
1 32 157 0
1 32 158 0
1 32 159 0
1 32 160 0
1 32 161 0
1 32 162 0
1 32 163 0
1 32 164 0
1 32 165 0
1 32 166 0
1 32 167 0
1 32 168 0
1 32 169 0
1 32 170 0
1 32 171 0
1 32 172 0
1 32 173 0
1 32 174 0
1 32 175 0
1 32 176 0
1 32 177 0
1 32 178 0
1 32 179 0
1 32 180 0
1 32 181 0
1 32 182 0
1 32 183 0
1 32 184 0
1 32 185 0
1 32 186 0
1 32 187 0
1 32 188 0
1 32 189 0
1 32 190 0
1 32 191 0
1 32 192 0
1 32 193 0
1 32 194 0
1 32 195 0
1 32 196 0
1 32 197 0
1 32 198 0
1 32 199 0
1 32 200 0
1 32 201 0
1 32 202 0
1 32 203 0
1 32 204 0
1 32 205 0
1 32 206 0
1 32 207 0
1 32 208 0
1 32 209 0
1 32 210 0
1 32 211 0
1 32 212 0
1 32 213 0
1 32 214 0
1 32 215 0
1 32 216 0
1 32 217 0
1 32 218 0
1 32 219 0
1 32 220 0
1 32 221 0
1 32 222 0
1 32 223 0
1 32 224 0
1 32 225 0
1 32 226 0
1 32 227 0
1 32 228 0
1 32 229 0
1 32 230 0
1 32 231 0
1 32 232 0
1 32 233 0
1 32 234 0
1 32 235 0
1 32 236 0
1 32 237 0
1 32 238 0
1 32 239 0
1 32 240 0
1 32 241 0
1 32 242 0
1 32 243 0
1 32 244 0
1 32 245 0
1 32 246 0
1 32 247 0
1 32 248 0
1 32 249 0
1 32 250 0
1 32 251 0
1 32 252 0
1 32 253 0
1 32 254 0
1 32 255 0
1 32 256 0
1 32 257 0
1 32 258 0
1 32 259 0
1 32 260 0
1 32 261 0
1 32 262 0
1 32 263 0
1 32 264 0
1 32 265 0
1 32 266 0
1 32 267 0
1 32 268 0
1 32 269 0
1 32 270 0
1 32 271 0
1 32 272 0
1 32 273 0
1 32 274 0
1 32 275 0
1 32 276 0
1 32 277 0
1 32 278 0
1 32 279 0
1 32 280 0
1 32 281 0
1 32 282 0
1 32 283 0
1 32 284 0
1 32 285 0
1 32 286 0
1 32 287 0
1 32 288 0
1 32 289 0
1 32 290 0
1 32 291 0
1 32 292 0
1 32 293 0
1 32 294 0
1 32 295 0
1 32 296 0
1 32 297 0
1 32 298 0
1 32 299 0
1 32 300 0
1 32 301 0
1 32 302 0
1 32 303 0
1 32 304 0
1 32 305 0
1 32 306 0
1 32 307 0
1 32 308 0
1 32 309 0
1 32 310 0
1 32 311 0
1 32 312 0
1 32 313 0
1 32 314 0
1 32 315 0
1 32 316 0
1 32 317 0
1 32 318 0
1 32 319 0
1 32 320 0
1 32 321 0
1 32 322 0
1 32 323 0
1 32 324 0
1 32 325 0
1 32 326 0
1 32 327 0
1 32 328 0
1 32 329 0
1 32 330 0
1 32 331 0
1 32 332 0
1 32 333 0
1 32 334 0
1 32 335 0
1 32 336 0
1 32 337 0
1 32 338 0
1 32 339 0
1 32 340 0
1 32 341 0
1 32 342 0
1 32 343 0
1 32 344 0
1 32 345 0
1 32 346 0
1 32 347 0
1 32 348 0
1 32 349 0
1 32 350 0
1 32 351 0
1 32 352 0
1 32 353 0
1 32 354 0
1 32 355 0
1 32 356 0
1 32 357 0
1 32 358 0
1 32 359 0
1 32 360 0
1 32 361 0
1 32 362 0
1 32 363 0
1 32 364 0
1 32 365 0
1 32 366 0
1 32 367 0
1 32 368 0
1 32 369 0
1 32 370 0
1 32 371 0
1 32 372 0
1 32 373 0
1 32 374 0
1 32 375 0
1 32 376 0
1 32 377 0
1 32 378 0
1 32 379 0
1 32 380 0
1 32 381 0
1 32 382 0
1 32 383 0
1 32 384 0
1 32 385 0
1 32 386 0
1 32 387 0
1 32 388 0
1 32 389 0
1 32 390 0
1 32 391 0
1 32 392 0
1 32 393 0
1 32 394 0
1 32 395 0
1 32 396 0
1 32 397 0
1 32 398 0
1 32 399 0
1 32 400 0
1 33 0 0
1 33 1 0
1 33 2 0
1 33 3 0
1 33 4 0
1 33 5 0
1 33 6 0
1 33 7 0
1 33 8 0
1 33 9 0
1 33 10 0
1 33 11 0
1 33 12 0
1 33 13 0
1 33 14 0
1 33 15 0
1 33 16 0
1 33 17 0
1 33 18 0
1 33 19 0
1 33 20 0
1 33 21 0
1 33 22 0
1 33 23 0
1 33 24 0
1 33 25 0
1 33 26 0
1 33 27 0
1 33 28 0
1 33 29 0
1 33 30 0
1 33 31 0
1 33 32 0
1 33 33 0
1 33 34 0
1 33 35 0
1 33 36 0
1 33 37 0
1 33 38 0
1 33 39 0
1 33 40 0
1 33 41 0
1 33 42 0
1 33 43 0
1 33 44 0
1 33 45 0
1 33 46 0
1 33 47 0
1 33 48 0
1 33 49 0
1 33 50 0
1 33 51 0
1 33 52 0
1 33 53 0
1 33 54 0
1 33 55 0
1 33 56 0
1 33 57 0
1 33 58 0
1 33 59 0
1 33 60 0
1 33 61 0
1 33 62 0
1 33 63 0
1 33 64 0
1 33 65 0
1 33 66 0
1 33 67 0
1 33 68 0
1 33 69 0
1 33 70 0
1 33 71 0
1 33 72 0
1 33 73 0
1 33 74 0
1 33 75 0
1 33 76 0
1 33 77 0
1 33 78 0
1 33 79 0
1 33 80 0
1 33 81 0
1 33 82 0
1 33 83 0
1 33 84 0
1 33 85 0
1 33 86 0
1 33 87 0
1 33 88 0
1 33 89 0
1 33 90 0
1 33 91 0
1 33 92 0
1 33 93 0
1 33 94 0
1 33 95 0
1 33 96 0
1 33 97 0
1 33 98 0
1 33 99 0
1 33 100 0
1 33 101 0
1 33 102 0
1 33 103 0
1 33 104 0
1 33 105 0
1 33 106 0
1 33 107 0
1 34 0 0
1 34 1 0
1 34 2 0
1 34 3 0
1 34 4 0
1 34 5 0
1 34 6 0
1 34 7 0
1 34 8 0
1 34 9 0
1 34 10 0
1 34 11 0
1 34 12 0
1 34 13 0
1 34 14 0
1 34 15 0
1 34 16 0
1 34 17 0
1 34 18 0
1 34 19 0
1 34 20 0
1 34 21 0
1 34 22 0
1 34 23 0
1 34 24 0
1 34 25 0
1 34 26 0
1 34 27 0
1 34 28 0
1 34 29 0
1 34 30 0
1 34 31 0
1 34 32 0
1 34 33 0
1 34 34 0
1 34 35 0
1 34 36 0
1 34 37 0
1 34 38 0
1 34 39 0
1 34 40 0
1 34 41 0
1 34 42 0
1 34 43 0
1 34 44 0
1 34 45 0
1 34 46 0
1 34 47 0
1 34 48 0
1 34 49 0
1 34 50 0
1 34 51 0
1 34 52 0
1 34 53 0
1 34 54 0
1 34 55 0
1 34 56 0
1 34 57 0
1 34 58 0
1 34 59 0
1 34 60 0
1 34 61 0
1 34 62 0
1 34 63 0
1 34 64 0
1 34 65 0
1 34 66 0
1 34 67 0
1 34 68 0
1 34 69 0
1 34 70 0
1 34 71 0
1 34 72 0
1 34 73 0
1 34 74 0
1 35 0 0
1 35 1 0
1 35 2 0
1 35 3 0
1 35 4 0
1 35 5 0
1 35 6 0
1 35 7 0
1 35 8 0
1 35 9 0
1 35 10 0
1 35 11 0
1 35 12 0
1 35 13 0
1 35 14 0
1 35 15 0
1 35 16 0
1 35 17 0
1 35 18 0
1 36 0 0
1 36 1 0
1 36 2 0
1 36 3 0
1 36 4 0
1 36 5 0
1 36 6 0
1 36 7 0
1 36 8 0
1 36 9 0
1 36 10 0
1 36 11 0
1 36 12 0
1 37 0 0
1 37 1 0
1 37 2 0
1 37 3 0
1 37 4 0
1 37 5 0
1 37 6 0
1 37 7 0
1 37 8 0
1 37 9 0
1 37 10 0
1 37 11 0
1 37 12 0
1 37 13 0
1 37 14 0
1 37 15 0
1 37 16 0
1 37 17 0
1 37 18 0
1 37 19 0
1 37 20 0
1 37 21 0
1 37 22 0
1 37 23 0
1 37 24 0
1 37 25 0
1 37 26 0
1 37 27 0
1 37 28 0
1 37 29 0
1 37 30 0
1 37 31 0
1 37 32 0
1 37 33 0
1 37 34 0
1 37 35 0
1 37 36 0
1 37 37 0
1 37 38 0
1 38 0 0
1 38 1 0
1 38 2 0
1 38 3 0
1 38 4 0
1 38 5 0
1 38 6 0
1 38 7 0
1 38 8 0
1 38 9 0
1 38 10 0
1 38 11 0
1 39 0 0
1 39 1 0
1 39 2 0
1 39 3 0
1 39 4 0
1 39 5 0
1 39 6 0
1 39 7 0
1 39 8 0
1 3c 0 0
1 3c 1 0
1 3c 2 0
1 3c 3 0
1 3c 4 0
1 3c 5 0
1 3c 6 0
1 3c 7 0
1 3c 8 0
1 3d 0 0
1 3d 1 0
1 3d 2 0
1 3d 3 0
1 3d 4 0
1 3d 5 0
1 3d 6 0
1 3d 7 0
1 3d 8 0
1 3d 9 2
0 2d 7 0.206932
1 2d 83 0.154062
1 3d 10 0
1 3d 11 0
1 3d 12 3
1 2d 135 0.0318262
1 2d 140 0.0857598
1 2d 148 0.184634
1 3d 13 0
1 3d 14 0
1 3d 15 3
1 2d 19 0.0964443
1 2d 73 0.0312785
1 2d 234 0.17907
1 3d 16 0
1 3d 17 4
1 2d 82 0.0853744
1 2d 179 0.252248
1 2d 184 0.0507136
1 2d 185 0.127539
1 3d 18 1
1 2d 79 0.0424615
1 3d 19 0
1 3d 20 8
1 2d 27 0.205039
1 2d 50 0.0763449
1 2d 61 0.0906369
1 2d 99 0.0534482
1 2d 135 0.00511063
1 2d 180 0.0786205
1 2d 181 0.301213
1 2d 185 0.291956
1 3d 21 13
0 2d 1 0.0941813
0 2d 3 0.238782
0 2d 4 0.174303
0 2d 5 0.399074
0 2d 6 0.118583
0 2d 8 0.209644
1 2d 21 0.0978596
1 2d 46 0.187805
1 2d 137 0.195628
1 2d 155 0.157345
1 2d 187 0.0337889
1 2d 234 0.431921
1 2d 241 0.340932
1 3d 22 0
1 3d 23 0
1 3d 24 0
1 3d 25 0
1 3d 26 0
1 3d 27 0
1 3d 28 0
1 3d 29 0
1 3d 30 0
1 3d 31 0
1 3d 32 0
1 3d 33 0
1 3d 34 0
1 3d 35 0
1 3d 36 0
1 3d 37 0
1 3d 38 0
1 3d 39 0
1 3d 40 0
1 3d 41 0
1 3d 42 0
1 3d 43 0
1 3d 44 0
1 3d 45 0
1 3d 46 0
1 3d 47 0
1 3d 48 0
1 3d 49 0
1 3d 50 0
1 3d 51 0
1 3d 52 0
1 3d 53 0
1 3d 54 0
1 3d 55 0
1 3d 56 0
1 3d 57 0
1 3d 58 0
1 3d 59 0
1 3d 60 0
1 3d 61 0
1 3d 62 0
1 3d 63 0
1 3d 64 0
1 3d 65 0
1 3d 66 0
1 3d 67 0
1 3d 68 0
1 61 0 0
1 61 1 0
1 61 2 0
1 61 3 0
1 61 4 0
1 61 5 0
1 61 6 0
1 61 7 0
1 61 8 0
1 61 9 0
1 61 10 0
1 61 11 0
1 61 12 0
1 61 13 0
1 61 14 0
1 61 15 0
1 61 16 0
1 61 17 0
1 61 18 0
1 61 19 0
1 61 20 0
1 61 21 0
1 61 22 0
1 61 23 0
1 61 24 0
1 61 25 0
1 61 26 0
1 61 27 0
1 61 28 0
1 61 29 0
1 61 30 0
1 61 31 0
1 61 32 0
1 61 33 0
1 61 34 0
1 61 35 0
1 61 36 0
1 61 37 0
1 61 38 0
1 61 39 0
1 61 40 0
1 61 41 0
1 61 42 0
1 61 43 0
1 61 44 0
1 61 45 0
1 61 46 0
1 61 47 0
1 61 48 0
1 61 49 0
1 61 50 0
1 61 51 0
1 61 52 0
1 61 53 0
1 61 54 0
1 61 55 0
1 61 56 0
1 61 57 0
1 61 58 0
1 61 59 0
1 61 60 0
1 61 61 0
1 61 62 0
1 61 63 0
1 61 64 0
1 61 65 0
1 61 66 0
1 61 67 0
1 61 68 0
1 61 69 0
1 61 70 0
1 61 71 0
1 61 72 0
1 62 0 0
1 62 1 0
1 62 2 0
1 62 3 0
1 62 4 0
1 62 5 0
1 62 6 0
1 62 7 0
1 62 8 0
1 62 9 0
1 62 10 0
1 62 11 0
1 62 12 0
1 62 13 0
1 62 14 0
1 62 15 0
1 62 16 0
1 62 17 0
1 62 18 0
1 62 19 0
1 62 20 0
1 62 21 0
1 62 22 0
1 62 23 0
1 62 24 0
1 62 25 0
1 62 26 0
1 62 27 0
1 62 28 0
1 62 29 0
1 62 30 0
1 62 31 0
1 62 32 0
1 62 33 0
1 62 34 0
1 62 35 0
1 62 36 0
1 62 37 0
1 62 38 0
1 62 39 0
1 62 40 0
1 62 41 0
1 62 42 0
1 62 43 0
1 62 44 0
1 62 45 0
1 62 46 0
1 62 47 0
1 62 48 0
1 62 49 0
1 62 50 0
1 62 51 0
1 62 52 0
1 62 53 0
1 62 54 0
1 62 55 0
1 62 56 0
1 62 57 0
1 62 58 0
1 62 59 0
1 62 60 0
1 62 61 0
1 62 62 0
1 62 63 0
1 62 64 0
1 62 65 0
1 63 0 0
1 63 1 0
1 63 2 0
1 63 3 0
1 63 4 0
1 63 5 0
1 63 6 0
1 63 7 0
1 63 8 0
1 63 9 0
1 63 10 0
1 63 11 0
1 63 12 0
1 63 13 0
1 63 14 0
1 63 15 0
1 63 16 0
1 63 17 0
1 63 18 0
1 63 19 0
1 63 20 0
1 63 21 0
1 63 22 0
1 63 23 0
1 63 24 0
1 63 25 0
1 63 26 0
1 63 27 0
1 63 28 0
1 63 29 0
1 63 30 0
1 63 31 0
1 63 32 0
1 63 33 0
1 63 34 0
1 63 35 0
1 63 36 0
1 63 37 0
1 63 38 0
1 63 39 0
1 63 40 0
1 63 41 0
1 63 42 0
1 63 43 0
1 63 44 0
1 63 45 0
1 63 46 0
1 63 47 0
1 63 48 0
1 63 49 0
1 63 50 0
1 63 51 0
1 63 52 0
1 63 53 0
1 63 54 0
1 63 55 0
1 63 56 0
1 63 57 0
1 63 58 0
1 63 59 0
1 63 60 0
1 63 61 0
1 63 62 0
1 64 0 0
1 64 1 0
1 64 2 0
1 64 3 0
1 64 4 0
1 64 5 0
1 64 6 0
1 64 7 0
1 64 8 0
1 64 9 0
1 64 10 0
1 64 11 0
1 64 12 0
1 64 13 0
1 64 14 0
1 64 15 0
1 64 16 0
1 64 17 0
1 64 18 0
1 64 19 0
1 64 20 0
1 64 21 0
1 64 22 0
1 64 23 0
1 64 24 0
1 64 25 0
1 64 26 0
1 64 27 0
1 64 28 0
1 64 29 0
1 64 30 0
1 64 31 0
1 64 32 0
1 64 33 0
1 64 34 0
1 65 0 0
1 65 1 0
1 65 2 0
1 65 3 0
1 65 4 0
1 65 5 0
1 65 6 0
1 65 7 0
1 65 8 0
1 65 9 0
1 65 10 0
1 65 11 0
1 65 12 0
1 65 13 0
1 65 14 0
1 65 15 0
1 65 16 0
1 65 17 0
1 65 18 0
1 65 19 0
1 65 20 0
1 65 21 0
1 65 22 0
1 65 23 0
1 65 24 0
1 65 25 0
1 65 26 0
1 65 27 0
1 65 28 0
1 65 29 0
1 69 0 0
1 69 1 0
1 69 2 0
1 69 3 0
1 69 4 0
1 6b 0 0
1 6b 1 0
1 6b 2 0
1 6b 3 0
1 6e 0 0
1 6e 1 0
1 6e 2 0
1 6e 3 0
1 6e 4 0
1 6e 5 0
1 6e 6 0
1 6e 7 0
1 6e 8 0
1 6e 9 0
1 6e 10 0
1 6e 11 0
1 6e 12 0
1 6e 13 0
1 6e 14 0
1 6e 15 0
1 6e 16 0
1 6e 17 0
1 6e 18 0
1 6e 19 0
1 6e 20 0
1 6e 21 0
1 6e 22 0
1 73 0 0
1 78 0 0
1 78 1 0
1 78 2 0
1 78 3 0
1 78 4 0
1 78 5 0
1 78 6 0
1 78 7 0
1 78 8 0
1 78 9 0
1 78 10 0
1 78 11 0
1 78 12 0
1 78 13 0
1 78 14 0
1 78 15 0
1 78 16 0
1 78 17 0
1 78 18 0
1 78 19 0
1 78 20 0
1 78 21 0
1 78 22 0
1 78 23 0
1 78 24 0
1 78 25 0
1 78 26 0
1 78 27 0
1 78 28 0
1 78 29 0
1 78 30 0
1 78 31 0
1 78 32 0
1 78 33 0
1 78 34 0
1 78 35 0
1 78 36 0
1 78 37 0
1 78 38 0
1 78 39 0
1 78 40 0
1 78 41 0
1 78 42 0
1 78 43 0
1 78 44 0
1 78 45 0
1 78 46 0
1 78 47 0
1 78 48 0
1 78 49 0
1 78 50 0
1 78 51 0
1 78 52 0
1 78 53 0
1 78 54 0
1 78 55 0
1 78 56 0
1 78 57 0
1 78 58 0
1 78 59 0
1 78 60 0
1 78 61 0
1 78 62 0
1 78 63 0
1 78 64 0
1 78 65 0
1 78 66 0
1 78 67 0
1 78 68 0
1 78 69 0
1 78 70 0
1 78 71 0
1 78 72 0
1 78 73 0
1 78 74 0
1 78 75 0
1 78 76 0
1 78 77 0
1 78 78 0
1 78 79 0
1 78 80 0
1 78 81 0
1 78 82 0
1 78 83 0
1 78 84 0
1 78 85 0
1 78 86 0
1 78 87 0
1 78 88 0
1 78 89 0
1 78 90 0
1 78 91 0
1 78 92 0
1 78 93 0
1 78 94 0
1 78 95 0
1 78 96 0
1 78 97 0
1 78 98 0
1 78 99 0
1 78 100 0
1 78 101 0
1 78 102 0
1 78 103 0
1 78 104 0
1 78 105 0
1 78 106 0
1 78 107 0
1 78 108 0
1 78 109 0
1 78 110 0
1 78 111 0
1 78 112 0
1 78 113 0
1 78 114 0
1 78 115 0
1 78 116 0
1 78 117 0
1 78 118 0
1 78 119 0
1 78 120 0
1 78 121 0
1 78 122 0
1 78 123 0
1 78 124 0
1 78 125 0
1 78 126 0
1 78 127 0
1 78 128 0
1 78 129 0
1 78 130 0
1 78 131 0
1 78 132 0
1 78 133 0
1 78 134 0
1 78 135 0
1 78 136 0
1 78 137 0
1 78 138 0
1 78 139 0
1 78 140 0
1 78 141 0
1 78 142 0
1 78 143 0
1 78 144 0
1 78 145 0
1 78 146 0
1 78 147 0
1 78 148 0
1 78 149 0
1 78 150 0
1 78 151 0
1 78 152 0
1 78 153 0
1 78 154 0
1 78 155 0
1 78 156 0
1 78 157 0
1 78 158 0
1 78 159 0
1 78 160 0
1 78 161 0
1 78 162 0
1 78 163 0
1 78 164 0
1 78 165 0
1 78 166 0
1 78 167 0
1 78 168 0
1 78 169 0
1 78 170 0
1 78 171 0
1 78 172 0
1 78 173 0
1 78 174 0
1 78 175 0
1 78 176 0
1 78 177 0
1 78 178 0
1 78 179 0
1 78 180 0
1 78 181 0
1 78 182 0
1 78 183 0
1 78 184 0
1 78 185 0
1 78 186 0
1 78 187 0
1 78 188 0
1 78 189 0
1 78 190 0
1 78 191 0
1 78 192 0
1 78 193 0
1 78 194 0
1 78 195 0
1 78 196 0
1 78 197 0
1 78 198 0
1 78 199 0
1 78 200 0
1 78 201 0
1 78 202 0
1 78 203 0
1 78 204 0
1 78 205 0
1 78 206 0
1 78 207 0
1 78 208 0
1 78 209 0
1 78 210 0
1 78 211 0
1 78 212 0
1 78 213 0
1 78 214 0
1 78 215 0
1 78 216 0
1 78 217 0
1 78 218 0
1 78 219 0
1 78 220 0
1 78 221 0
1 78 222 0
1 78 223 0
1 78 224 0
1 78 225 0
1 78 226 0
1 78 227 0
1 78 228 0
1 78 229 0
1 78 230 0
1 78 231 0
1 78 232 0
1 78 233 0
1 78 234 0
1 78 235 0
1 78 236 0
1 78 237 0
1 78 238 0
1 78 239 0
1 78 240 0
1 78 241 0
1 78 242 0
1 78 243 0
1 78 244 0
1 78 245 0
1 78 246 0
1 78 247 0
1 78 248 0
1 78 249 0
1 78 250 0
1 78 251 0
1 78 252 0
1 78 253 0
1 78 254 0
1 78 255 0
1 78 256 0
1 78 257 0
1 78 258 0
1 78 259 0
1 78 260 0
1 78 261 0
1 78 262 0
1 78 263 0
1 78 264 0
1 78 265 0
1 78 266 0
1 78 267 0
1 78 268 0
1 78 269 0
1 78 270 0
1 78 271 0
1 78 272 0
1 78 273 0
1 78 274 0
1 78 275 0
1 78 276 0
1 78 277 0
1 78 278 0
1 78 279 0
1 78 280 0
1 78 281 0
1 78 282 0
1 78 283 0
1 78 284 0
1 78 285 0
1 78 286 0
1 78 287 0
1 78 288 0
1 78 289 0
1 78 290 0
1 78 291 0
1 78 292 0
1 78 293 0
1 78 294 0
1 78 295 0
1 78 296 0
1 78 297 0
1 78 298 0
1 78 299 0
1 78 300 0
1 78 301 0
1 78 302 0
1 78 303 0
1 78 304 0
1 78 305 0
1 78 306 0
1 78 307 0
1 78 308 0
1 78 309 0
1 78 310 0
1 78 311 0
1 78 312 0
1 78 313 0
1 78 314 0
1 78 315 0
1 78 316 0
1 78 317 0
1 78 318 0
1 78 319 0
1 78 320 0
1 78 321 0
1 78 322 0
1 78 323 0
1 78 324 0
1 78 325 0
1 78 326 0
1 78 327 0
1 78 328 0
1 78 329 0
1 78 330 0
1 78 331 0
1 78 332 0
1 78 333 0
1 78 334 0
1 78 335 0
1 78 336 0
1 78 337 0
1 78 338 0
1 78 339 0
1 78 340 0
1 78 341 0
1 78 342 0
1 78 343 0
1 78 344 0
1 78 345 0
1 78 346 0
1 78 347 0
1 78 348 0
1 78 349 0
1 78 350 0
1 78 351 0
1 78 352 0
1 78 353 0
1 78 354 0
1 78 355 0
1 78 356 0
1 78 357 0
1 78 358 0
1 78 359 0
1 78 360 0
1 79 0 0
1 79 1 0
1 79 2 0
1 79 3 0
1 79 4 0
1 79 5 0
1 79 6 0
1 79 7 0
1 79 8 0
1 79 9 0
1 79 10 0
1 79 11 0
1 79 12 0
1 79 13 0
1 79 14 0
1 79 15 0
1 79 16 0
1 79 17 0
1 79 18 0
1 79 19 0
1 79 20 0
1 79 21 0
1 79 22 0
1 79 23 0
1 79 24 0
1 79 25 0
1 79 26 0
1 79 27 0
1 79 28 0
1 79 29 0
1 79 30 0
1 79 31 0
1 79 32 0
1 79 33 0
1 79 34 0
1 79 35 0
1 79 36 0
1 79 37 0
1 79 38 0
1 79 39 0
1 79 40 0
1 79 41 0
1 79 42 0
1 79 43 0
1 79 44 0
1 79 45 0
1 79 46 0
1 79 47 0
1 79 48 0
1 79 49 0
1 79 50 0
1 79 51 0
1 79 52 0
1 79 53 0
1 79 54 0
1 79 55 0
1 79 56 0
1 79 57 0
1 79 58 0
1 79 59 0
1 79 60 0
1 79 61 0
1 79 62 0
1 79 63 0
1 79 64 0
1 79 65 0
1 79 66 0
1 79 67 0
1 79 68 0
1 79 69 0
1 79 70 0
1 79 71 0
1 79 72 0
1 79 73 0
1 79 74 0
1 79 75 0
1 79 76 0
1 79 77 0
1 79 78 0
1 79 79 0
1 79 80 0
1 79 81 0
1 79 82 0
1 79 83 0
1 79 84 0
1 79 85 0
1 79 86 0
1 79 87 0
1 79 88 0
1 79 89 0
1 79 90 0
1 79 91 0
1 79 92 0
1 79 93 0
1 79 94 0
1 79 95 0
1 79 96 0
1 79 97 0
1 79 98 0
1 79 99 0
1 79 100 0
1 79 101 0
1 79 102 0
1 79 103 0
1 79 104 0
1 79 105 0
1 79 106 0
1 79 107 0
1 79 108 0
1 79 109 0
1 79 110 0
1 79 111 0
1 79 112 0
1 79 113 0
1 79 114 0
1 79 115 0
1 79 116 0
1 79 117 0
1 79 118 0
1 79 119 0
1 79 120 0
1 79 121 0
1 79 122 0
1 79 123 0
1 79 124 0
1 79 125 0
1 79 126 0
1 79 127 0
1 79 128 0
1 79 129 0
1 79 130 0
1 79 131 0
1 79 132 0
1 79 133 0
1 79 134 0
1 79 135 0
1 7a 0 0
1 7a 1 0
1 7a 2 0
1 7a 3 0
1 7a 4 0
1 7a 5 0
1 7a 6 0
1 7a 7 0
1 7a 8 0
1 7a 9 0
1 7a 10 0
1 7a 11 0
1 7a 12 0
1 7a 13 0
1 7a 14 0
1 7a 15 0
1 7a 16 0
1 7a 17 0
1 7a 18 0
1 7a 19 0
1 7a 20 0
1 7a 21 0
1 7a 22 0
1 7a 23 0
1 7a 24 0
1 7a 25 0
1 7a 26 0
1 7a 27 0
1 7a 28 0
1 7a 29 0
1 7a 30 0
1 7a 31 0
1 7a 32 0
1 7a 33 0
1 7a 34 0
1 7a 35 0
1 7a 36 0
1 7a 37 0
1 7a 38 0
1 7a 39 0
1 7a 40 0
1 7a 41 0
1 7a 42 0
1 7a 43 0
1 7a 44 0
1 7a 45 0
1 7a 46 0
1 7a 47 0
1 7a 48 0
1 7a 49 0
1 7a 50 0
1 7a 51 0
1 7a 52 0
1 7a 53 0
1 7a 54 0
1 7a 55 0
1 7a 56 0
1 7a 57 0
1 7a 58 0
1 7a 59 0
1 7a 60 0
1 7a 61 0
1 7a 62 0
1 7a 63 0
1 7a 64 0
1 7a 65 0
1 7a 66 0
1 7a 67 0
1 7a 68 0
1 7a 69 0
1 7a 70 0
1 7a 71 0
1 7a 72 0
1 7a 73 0
1 7a 74 0
1 7a 75 0
1 7a 76 0
1 7a 77 0
1 7a 78 0
1 7a 79 0
1 7a 80 0
1 7a 81 0
1 7a 82 0
1 7a 83 0
1 7a 84 0
1 7a 85 0
1 7a 86 0
1 7a 87 0
1 7a 88 0
1 7a 89 0
1 7a 90 0
1 7a 91 0
1 7a 92 0
1 7a 93 0
1 7a 94 0
1 7a 95 0
1 7a 96 0
1 7a 97 0
1 7a 98 0
1 7a 99 0
1 7a 100 0
1 7a 101 0
1 7a 102 0
1 7a 103 0
1 7a 104 0
1 7a 105 0
1 7a 106 0
1 7a 107 0
1 7a 108 0
1 7a 109 0
1 7a 110 0
1 7a 111 0
1 7a 112 0
1 7a 113 0
1 7a 114 0
1 7a 115 0
1 7a 116 0
1 7a 117 0
1 7a 118 0
1 7a 119 0
1 7a 120 0
1 b1 0 0
1 b1 1 0
1 b1 2 0
1 b1 3 0
1 b1 4 0
1 3b8 0 0
1 3b8 1 0
1 3b8 2 0
1 3c0 0 0
1 3c0 1 0
1 3c0 2 0
1 3c0 3 0
1 3d5 0 0
1 3d5 1 0
1 221a 0 0
1 221a 1 0
1 221a 2 0
1 221a 3 0
1 221a 4 0
1 221a 5 0
1 221a 6 0
1 221a 7 0
1 221a 8 0
1 221a 9 0
1 221a 10 0
1 221a 11 0
1 221a 12 0
1 221a 13 0
1 221a 14 0
1 221a 15 0
1 221a 16 0
1 221a 17 0
1 221a 18 0
1 221a 19 0
1 221a 20 0
1 221a 21 0
1 221a 22 0
1 221a 23 0
1 221a 24 0
1 221a 25 0
1 221a 26 0
1 221a 27 0
1 221a 28 0
1 221a 29 0
1 221a 30 0
1 221a 31 0
1 221a 32 0
1 221a 33 0
1 221a 34 0
1 221a 35 0
1 221a 36 0
1 221a 37 0
1 221a 38 0
1 221a 39 0
1 221a 40 0
1 221a 41 0
1 221a 42 0
1 221a 43 0
1 221a 44 0
1 221a 45 0
1 221a 46 0
1 221a 47 0
1 221a 48 0
1 221a 49 0
1 221a 50 0
1 221a 51 0
1 221a 52 0
1 221a 53 0
1 221a 54 0
1 221a 55 0
1 221a 56 0
1 221a 57 0
1 221a 58 0
1 221a 59 0
1 221a 60 0
1 221a 61 0
1 221a 62 0
1 221a 63 0
1 221a 64 0
1 221a 65 0
1 221a 66 0
1 221a 67 0
1 221a 68 0
1 221a 69 0
1 221a 70 0
1 221a 71 0
1 221a 72 0
1 221a 73 0
1 221a 74 0
1 221a 75 0
1 221a 76 0
1 221a 77 0
1 221a 78 0
1 221a 79 0
1 221a 80 0
1 221a 81 0
1 221a 82 0
1 221a 83 0
1 221a 84 0
1 221a 85 0
1 221a 86 0
1 221a 87 0
1 221a 88 0
1 221a 89 0
1 221a 90 0
1 221a 91 0
1 221a 92 0
1 221a 93 0
1 221a 94 0
1 221a 95 0
1 221a 96 0
1 221a 97 0
1 221a 98 0
1 221a 99 0
1 221a 100 0
1 221a 101 0
1 221a 102 0
1 221a 103 0
1 221a 104 0
1 221a 105 0
1 221a 106 0
1 221a 107 0
1 221a 108 0
1 221a 109 0
1 221a 110 0
1 221a 111 0
1 221a 112 0
1 221a 113 0
1 221a 114 0
1 221a 115 0
1 221a 116 0
1 221a 117 0
1 221a 118 0
1 221a 119 0
1 221a 120 0
1 221a 121 0
1 221a 122 0
1 221a 123 0
1 221a 124 0
1 221a 125 0
1 221a 126 0
1 221a 127 0
1 221a 128 0
1 221a 129 0
1 221a 130 0
1 221a 131 0
1 221a 132 0
1 221a 133 0
1 221a 134 0
1 221a 135 0
1 221a 136 0
1 221a 137 0
1 221a 138 0
1 221a 139 0
1 221a 140 0
1 221a 141 0
1 221a 142 0
1 221a 143 0
1 221a 144 0
1 221a 145 0
1 221a 146 0
1 221a 147 0
1 221a 148 0
1 221a 149 0
1 221a 150 0
1 221a 151 0
1 221a 152 0
1 221a 153 0
1 221a 154 0
1 221a 155 0
1 221a 156 0
1 221a 157 0
1 221a 158 0
1 221a 159 0
1 221a 160 0
1 221a 161 0
1 221a 162 0
1 221a 163 0
1 221a 164 0
1 221a 165 0
1 221a 166 0
1 221a 167 0
1 221a 168 0
1 221a 169 0
1 221a 170 0
1 221a 171 0
1 221a 172 0
1 221a 173 0
1 221a 174 0
1 221a 175 0
1 221a 176 0
1 221a 177 0
1 221a 178 0
1 221a 179 0
1 2260 0 0
1 2260 1 0
1 2260 2 0
1 2260 3 0
1 2260 4 0
1 2260 5 0
1 2260 6 0
1 2264 0 0
1 2264 1 0
1 2264 2 0
